CodeConvergence	Compteur	Temps	TempsCPU	divV	SumGs	vA	vM	vl	vs	mA	mM	mMpct	ml	ms	Vmin	Vmax	msoluteM_pct	msoluteM	msolute	eM	eA	e_system	
7	2	0.02	105.353	-285.73	370.569	3.68473e-07	3.27941e-08	3.27064e-08	8.76841e-11	4.79015e-07	0.000229384	1.55254	0.000228742	6.41804e-07	0	9.91967e-05	0.472658	2.26447e-07	2.37868e-07	302.307	3445.85	3748.16	
7	4	0.04	144.141	-513.023	394.975	3.6829e-07	3.29777e-08	3.28681e-08	1.09558e-10	4.78777e-07	0.000230675	2.12418	0.000229873	8.01908e-07	0	9.51861e-05	3.64616	2.336e-07	2.41959e-07	307.344	3440.68	3748.02	
7	6	0.06	191.834	-510.366	422.34	3.6829e-07	3.29778e-08	3.28533e-08	1.24578e-10	4.78776e-07	0.000230681	2.12685	0.000229769	9.11848e-07	0	9.93919e-05	3.89015	2.3415e-07	2.42223e-07	307.573	3440.34	3747.92	
9	8	0.08	240.629	-439.864	454.322	3.68295e-07	3.29727e-08	3.28352e-08	1.37476e-10	4.78783e-07	0.000230649	2.11275	0.000229643	1.00626e-06	0	9.19414e-05	3.8844	2.34137e-07	2.42189e-07	307.439	3440.38	3747.82	
6	10	0.1	287.426	-376.742	486.516	3.68299e-07	3.29685e-08	3.28185e-08	1.50059e-10	4.78789e-07	0.000230624	2.10162	0.000229526	1.09836e-06	0	7.59154e-05	3.88142	2.3413e-07	2.42162e-07	307.315	3440.41	3747.73	
6	12	0.12	334.321	-407.345	522.8	3.68304e-07	3.2963e-08	3.28003e-08	1.62746e-10	4.78796e-07	0.00023059	2.08647	0.000229399	1.19122e-06	0	6.96912e-05	3.86855	2.34101e-07	2.42124e-07	307.181	3440.46	3747.64	
6	14	0.14	386.461	-401.807	559.588	3.6831e-07	3.29576e-08	3.27821e-08	1.75488e-10	4.78803e-07	0.000230556	2.07145	0.000229271	1.28449e-06	0	5.86697e-05	3.85448	2.34069e-07	2.42085e-07	307.047	3440.5	3747.54	
6	16	0.16	442.132	-398.079	596.709	3.68315e-07	3.29525e-08	3.27642e-08	1.8828e-10	4.78809e-07	0.000230524	2.05752	0.000229146	1.37812e-06	0	5.00838e-05	3.84069	2.34038e-07	2.42048e-07	306.916	3440.54	3747.45	
6	18	0.18	496.885	-394.171	633.815	3.6832e-07	3.29473e-08	3.27462e-08	2.01093e-10	4.78816e-07	0.000230493	2.0434	0.000229021	1.4719e-06	0	4.36579e-05	3.82668	2.34007e-07	2.42011e-07	306.786	3440.58	3747.36	
7	20	0.2	554.435	-384.51	670.283	3.68325e-07	3.29423e-08	3.27287e-08	2.13616e-10	4.78823e-07	0.000230461	2.02961	0.000228898	1.56356e-06	0	4.09852e-05	3.81309	2.33976e-07	2.41976e-07	306.658	3440.61	3747.27	
-1	22	0.22	615.132	-378.555	706.813	3.6833e-07	3.29375e-08	3.27115e-08	2.25997e-10	4.78829e-07	0.000230432	2.01662	0.000228778	1.65418e-06	0	3.64024e-05	3.79887	2.33944e-07	2.41941e-07	306.53	3440.65	3747.18	
7	24	0.24	674.173	-373.923	743.143	3.68335e-07	3.29325e-08	3.26942e-08	2.38314e-10	4.78835e-07	0.000230401	2.00289	0.000228657	1.74434e-06	0	3.57029e-05	3.78596	2.33915e-07	2.41907e-07	306.405	3440.68	3747.09	
6	26	0.26	743.118	-369.478	779.054	3.6834e-07	3.29276e-08	3.2677e-08	2.50551e-10	4.78842e-07	0.00023037	1.98933	0.000228537	1.83391e-06	0	3.33364e-05	3.77135	2.33882e-07	2.41872e-07	306.279	3440.72	3747	
10	28	0.28	804.023	-363.773	814.472	3.68345e-07	3.29227e-08	3.266e-08	2.62691e-10	4.78848e-07	0.00023034	1.97596	0.000228417	1.92277e-06	0	3.46382e-05	3.75686	2.33849e-07	2.41838e-07	306.153	3440.75	3746.91	
6	30	0.3	861.664	-359.823	849.767	3.6835e-07	3.29179e-08	3.26431e-08	2.74752e-10	4.78854e-07	0.00023031	1.96275	0.000228299	2.01105e-06	0	3.59609e-05	3.74253	2.33817e-07	2.41804e-07	306.029	3440.79	3746.82	
6	32	0.32	920.044	-355.233	884.906	3.68354e-07	3.29131e-08	3.26264e-08	2.86712e-10	4.78861e-07	0.000230281	1.94983	0.000228183	2.09859e-06	0	3.71843e-05	3.72844	2.33785e-07	2.41771e-07	305.905	3440.82	3746.73	
5	34	0.34	978.646	-350.089	919.898	3.68359e-07	3.29084e-08	3.26099e-08	2.98561e-10	4.78867e-07	0.000230252	1.937	0.000228067	2.18532e-06	0	3.83169e-05	3.71464	2.33754e-07	2.41738e-07	305.782	3440.85	3746.64	
8	36	0.36	1041.32	-345.304	954.641	3.68363e-07	3.29039e-08	3.25934e-08	3.10502e-10	4.78872e-07	0.000230225	1.92482	0.000227952	2.27272e-06	0	3.94934e-05	3.70085	2.33723e-07	2.41705e-07	305.66	3440.89	3746.54	
10	38	0.38	1102.65	-339.857	988.884	3.68368e-07	3.28993e-08	3.25772e-08	3.22126e-10	4.78879e-07	0.000230196	1.91208	0.000227838	2.3578e-06	0	4.06191e-05	3.68813	2.33694e-07	2.41674e-07	305.539	3440.92	3746.45	
-1	40	0.4	1166.1	-339.729	1023.38	3.68373e-07	3.28946e-08	3.25608e-08	3.33843e-10	4.78885e-07	0.000230167	1.89932	0.000227724	2.44356e-06	0	4.216e-05	3.67421	2.33663e-07	2.41641e-07	305.417	3440.95	3746.36	
7	42	0.42	1228.76	-336.81	1057.66	3.68377e-07	3.289e-08	3.25445e-08	3.45524e-10	4.78891e-07	0.000230139	1.88671	0.00022761	2.52906e-06	0	4.3611e-05	3.66025	2.33631e-07	2.41609e-07	305.296	3440.98	3746.27	
10	44	0.44	1290.85	-335.092	1092.05	3.68382e-07	3.28854e-08	3.25282e-08	3.57195e-10	4.78897e-07	0.00023011	1.87408	0.000227496	2.61449e-06	0	4.50673e-05	3.64646	2.336e-07	2.41577e-07	305.175	3441.01	3746.18	
-1	46	0.46	1356.36	-330.889	1126.52	3.68387e-07	3.28807e-08	3.25119e-08	3.68834e-10	4.78903e-07	0.000230081	1.86133	0.000227382	2.69968e-06	0	4.64155e-05	3.63254	2.33569e-07	2.41544e-07	305.054	3441.04	3746.09	
7	48	0.48	1416.32	-328.223	1161.02	3.68391e-07	3.28761e-08	3.24957e-08	3.80475e-10	4.78909e-07	0.000230053	1.84879	0.000227268	2.78489e-06	0	4.77744e-05	3.61866	2.33538e-07	2.41512e-07	304.933	3441.07	3746	
-1	50	0.5	1479.13	-325.121	1195.22	3.68396e-07	3.28716e-08	3.24795e-08	3.9213e-10	4.78915e-07	0.000230025	1.83654	0.000227155	2.8702e-06	0	4.91365e-05	3.60522	2.33507e-07	2.4148e-07	304.813	3441.1	3745.91	
-1	52	0.52	1555.47	-323.405	1229.38	3.684e-07	3.28671e-08	3.24634e-08	4.03764e-10	4.7892e-07	0.000229998	1.8243	0.000227042	2.95535e-06	0	5.0501e-05	3.59196	2.33478e-07	2.41449e-07	304.694	3441.13	3745.82	
7	54	0.54	1618.25	-321.854	1263.59	3.68405e-07	3.28627e-08	3.24472e-08	4.15418e-10	4.78926e-07	0.00022997	1.81211	0.000226929	3.04065e-06	0	5.18988e-05	3.57869	2.33448e-07	2.41418e-07	304.574	3441.16	3745.73	
-1	56	0.56	1683.28	-320.019	1297.66	3.68409e-07	3.28582e-08	3.24312e-08	4.27072e-10	4.78932e-07	0.000229943	1.80015	0.000226817	3.12595e-06	0	5.32415e-05	3.56537	2.33418e-07	2.41387e-07	304.456	3441.19	3745.64	
-1	58	0.58	1749.38	-318.942	1331.71	3.68414e-07	3.28538e-08	3.24151e-08	4.38754e-10	4.78938e-07	0.000229916	1.78816	0.000226705	3.21146e-06	0	5.4578e-05	3.55238	2.33388e-07	2.41357e-07	304.338	3441.22	3745.55	
-1	60	0.6	1815.35	-318.518	1365.84	3.68418e-07	3.28494e-08	3.23989e-08	4.5045e-10	4.78943e-07	0.000229889	1.7761	0.000226592	3.29707e-06	0	5.59026e-05	3.53933	2.33359e-07	2.41326e-07	304.219	3441.25	3745.47	
-1	62	0.62	1881.74	-320.059	1400.04	3.68422e-07	3.2845e-08	3.23827e-08	4.62224e-10	4.78949e-07	0.000229862	1.76407	0.000226478	3.38325e-06	0	5.7225e-05	3.52613	2.33329e-07	2.41295e-07	304.101	3441.27	3745.38	
7	64	0.64	1944.99	-319.329	1434.42	3.68427e-07	3.28406e-08	3.23665e-08	4.74046e-10	4.78955e-07	0.000229835	1.75219	0.000226365	3.46978e-06	0	5.85011e-05	3.5132	2.333e-07	2.41265e-07	303.983	3441.3	3745.29	
-1	66	0.66	2011.12	-320.88	1468.98	3.68431e-07	3.28361e-08	3.23502e-08	4.859e-10	4.78961e-07	0.000229808	1.74019	0.000226251	3.55654e-06	0	5.9811e-05	3.50023	2.33271e-07	2.41234e-07	303.865	3441.33	3745.2	
7	68	0.68	2074.82	-320.538	1503.86	3.68436e-07	3.28317e-08	3.23339e-08	4.97836e-10	4.78966e-07	0.000229781	1.72831	0.000226137	3.64391e-06	0	6.10603e-05	3.48732	2.33242e-07	2.41204e-07	303.747	3441.36	3745.11	
-1	70	0.7	2141.27	-319.621	1538.78	3.6844e-07	3.28274e-08	3.23176e-08	5.09855e-10	4.78972e-07	0.000229754	1.71664	0.000226023	3.73188e-06	0	6.22856e-05	3.47463	2.33213e-07	2.41173e-07	303.63	3441.39	3745.02	
-1	72	0.72	2207.25	-318.907	1573.91	3.68444e-07	3.28231e-08	3.23012e-08	5.21851e-10	4.78978e-07	0.000229728	1.70485	0.000225908	3.81968e-06	0	6.34746e-05	3.46224	2.33185e-07	2.41144e-07	303.513	3441.41	3744.93	
-1	74	0.74	2273.51	-320.987	1609.47	3.68449e-07	3.28186e-08	3.22847e-08	5.33928e-10	4.78983e-07	0.000229701	1.69275	0.000225792	3.90808e-06	0	6.47093e-05	3.44933	2.33156e-07	2.41113e-07	303.395	3441.44	3744.84	
-1	76	0.76	2350.01	-321.279	1645.43	3.68453e-07	3.28141e-08	3.2268e-08	5.46102e-10	4.78989e-07	0.000229673	1.68068	0.000225676	3.99719e-06	0	6.58737e-05	3.43622	2.33127e-07	2.41082e-07	303.277	3441.47	3744.75	
-1	78	0.78	2416.37	-322.011	1681.63	3.68458e-07	3.28096e-08	3.22513e-08	5.58319e-10	4.78995e-07	0.000229646	1.66847	0.000225559	4.08661e-06	0	6.70625e-05	3.42344	2.33098e-07	2.41051e-07	303.159	3441.5	3744.66	
-1	80	0.8	2482.54	-325.228	1718.41	3.68462e-07	3.2805e-08	3.22343e-08	5.70628e-10	4.79001e-07	0.000229617	1.65589	0.000225441	4.17672e-06	0	6.82605e-05	3.40994	2.33067e-07	2.4102e-07	303.04	3441.53	3744.57	
-1	82	0.82	2548.88	-327.983	1755.54	3.68467e-07	3.28004e-08	3.22173e-08	5.83022e-10	4.79007e-07	0.000229589	1.64337	0.000225322	4.26743e-06	0	6.94222e-05	3.3961	2.33036e-07	2.40987e-07	302.921	3441.56	3744.48	
-1	84	0.84	2615.05	-330.198	1793.01	3.68472e-07	3.27957e-08	3.22002e-08	5.95505e-10	4.79013e-07	0.000229561	1.63091	0.000225202	4.3588e-06	0	7.05716e-05	3.38249	2.33005e-07	2.40956e-07	302.802	3441.59	3744.39	
-1	86	0.86	2681.55	-332.987	1830.82	3.68476e-07	3.27911e-08	3.2183e-08	6.0808e-10	4.79019e-07	0.000229532	1.61832	0.000225082	4.45084e-06	0	7.17068e-05	3.36877	2.32975e-07	2.40924e-07	302.683	3441.62	3744.3	
-1	88	0.88	2747.66	-334.612	1869.01	3.68481e-07	3.27865e-08	3.21657e-08	6.20738e-10	4.79025e-07	0.000229504	1.60582	0.000224961	4.54349e-06	0	7.27885e-05	3.35486	2.32943e-07	2.40892e-07	302.563	3441.65	3744.21	
-1	90	0.9	2814.34	-336.376	1907.47	3.68486e-07	3.27819e-08	3.21484e-08	6.33508e-10	4.79031e-07	0.000229476	1.59344	0.000224839	4.63696e-06	0	7.38699e-05	3.34113	2.32912e-07	2.4086e-07	302.444	3441.68	3744.12	
-1	92	0.92	2880.91	-338.31	1946.35	3.6849e-07	3.27774e-08	3.2131e-08	6.46388e-10	4.79037e-07	0.000229449	1.5813	0.000224718	4.73123e-06	0	7.49212e-05	3.32758	2.32882e-07	2.40828e-07	302.326	3441.71	3744.03	
-1	94	0.94	2947.14	-340.147	1985.53	3.68495e-07	3.27729e-08	3.21135e-08	6.59418e-10	4.79043e-07	0.000229422	1.56932	0.000224595	4.82661e-06	0	7.59702e-05	3.31428	2.32852e-07	2.40797e-07	302.208	3441.73	3743.94	
-1	96	0.96	3013.67	-341.638	2025.05	3.68499e-07	3.27684e-08	3.20958e-08	6.72538e-10	4.79049e-07	0.000229395	1.55729	0.000224472	4.92264e-06	0	7.69852e-05	3.30123	2.32822e-07	2.40767e-07	302.091	3441.76	3743.85	
-1	98	0.98	3079.76	-344.135	2065.06	3.68504e-07	3.27638e-08	3.2078e-08	6.85754e-10	4.79055e-07	0.000229367	1.54501	0.000224347	5.01938e-06	0	7.7991e-05	3.28799	2.32792e-07	2.40736e-07	301.972	3441.79	3743.76	
-1	100	1	3944.19	-346.577	2105.65	3.6883e-07	3.24373e-08	3.17212e-08	7.16102e-10	4.79479e-07	0.000227093	0.538427	0.000221852	5.24151e-06	0	7.89938e-05	3.27454	2.32762e-07	2.40704e-07	301.854	3441.82	3743.67	
5	102	1.02	4142.34	-1813.24	9175.59	3.69039e-07	3.22282e-08	3.15045e-08	7.23678e-10	4.79751e-07	0.000225633	-0.107976	0.000220336	5.29696e-06	0	7.50515e-05	2.24438	2.3044e-07	2.37296e-07	297.29	3446.27	3743.56	
8	104	1.04	4323	-1934.1	9290.36	3.69093e-07	3.21748e-08	3.14403e-08	7.34516e-10	4.7982e-07	0.000225264	-0.271558	0.000219887	5.37629e-06	0	8.02489e-05	2.04052	2.29981e-07	2.36895e-07	296.375	3447.1	3743.47	
7	106	1.06	4488.27	-2624.97	9438.55	3.6917e-07	3.20978e-08	3.13523e-08	7.45486e-10	4.79921e-07	0.000224728	-0.508635	0.000219272	5.45658e-06	0	7.58342e-05	1.87667	2.29612e-07	2.36551e-07	295.701	3447.68	3743.38	
7	108	1.08	4639.83	-3831.56	9589.5	3.69231e-07	3.20363e-08	3.12783e-08	7.58035e-10	4.8e-07	0.000224302	-0.697137	0.000218754	5.54843e-06	0	9.93299e-05	2.16053	2.30251e-07	2.37041e-07	295.105	3448.19	3743.3	
5	110	1.1	4789.77	-3376.74	9782.87	3.69281e-07	3.19861e-08	3.12186e-08	7.6743e-10	4.80066e-07	0.000223954	-0.85126	0.000218337	5.6172e-06	0	7.84925e-05	2.23253	2.30414e-07	2.37154e-07	294.528	3448.68	3743.21	
7	112	1.12	4939.14	-3721.37	9995.38	3.69339e-07	3.19284e-08	3.11497e-08	7.78705e-10	4.80141e-07	0.000223555	-1.02808	0.000217855	5.69973e-06	0	7.87901e-05	2.22366	2.30394e-07	2.37141e-07	293.947	3449.17	3743.12	
6	114	1.14	5084.98	-3371.28	10203.1	3.69392e-07	3.18751e-08	3.10851e-08	7.8993e-10	4.8021e-07	0.000223185	-1.19172	0.000217403	5.78189e-06	0	7.50754e-05	2.18282	2.30302e-07	2.37084e-07	293.37	3449.66	3743.03	
6	116	1.16	5232.61	-3650.16	10425.2	3.69456e-07	3.18115e-08	3.10098e-08	8.01667e-10	4.80293e-07	0.000222744	-1.38693	0.000216876	5.8678e-06	0	7.5028e-05	2.12391	2.30169e-07	2.3697e-07	292.745	3450.2	3742.94	
6	118	1.18	5377.06	-3303.86	10627.1	3.69512e-07	3.17552e-08	3.09416e-08	8.13634e-10	4.80366e-07	0.000222355	-1.55932	0.000216399	5.95539e-06	0	0.000123717	1.93924	2.29753e-07	2.36574e-07	292.078	3450.78	3742.86	
5	120	1.2	5520.89	-3089.74	10831	3.69556e-07	3.1711e-08	3.08846e-08	8.26434e-10	4.80423e-07	0.00022205	-1.69447	0.000216	6.04908e-06	0	7.15682e-05	1.78467	2.29404e-07	2.36226e-07	291.546	3451.22	3742.77	
7	122	1.22	5681.05	-2941.78	11031.9	3.69598e-07	3.1669e-08	3.08297e-08	8.39332e-10	4.80478e-07	0.00022176	-1.8227	0.000215616	6.14349e-06	0	7.10937e-05	1.69939	2.29212e-07	2.35977e-07	291.099	3451.58	3742.68	
6	124	1.24	5818.32	-2940.73	11231.8	3.69652e-07	3.16152e-08	3.07621e-08	8.53133e-10	4.80548e-07	0.000221388	-1.98728	0.000215144	6.2445e-06	0	7.12231e-05	1.57702	2.28936e-07	2.35684e-07	290.619	3451.97	3742.59	
8	126	1.26	6005.36	-2828.78	11428.2	3.69701e-07	3.1566e-08	3.06986e-08	8.67402e-10	4.80612e-07	0.000221049	-2.13763	0.0002147	6.34895e-06	0	7.08448e-05	1.37738	2.28486e-07	2.35287e-07	290.022	3452.48	3742.5	
5	128	1.28	6139.09	-2822.84	11627.8	3.69752e-07	3.15152e-08	3.06333e-08	8.81843e-10	4.80678e-07	0.000220698	-2.29289	0.000214243	6.45465e-06	0	7.08176e-05	1.23386	2.28163e-07	2.34942e-07	289.48	3452.94	3742.42	
7	130	1.3	6294.01	-2952.96	11830	3.69796e-07	3.14713e-08	3.05747e-08	8.96556e-10	4.80735e-07	0.000220396	-2.42669	0.000213833	6.56234e-06	0	0.000116475	1.06898	2.27791e-07	2.34606e-07	288.969	3453.36	3742.33	
5	132	1.32	6436.73	-2848.24	12033.4	3.69835e-07	3.14324e-08	3.05204e-08	9.11979e-10	4.80785e-07	0.000220129	-2.54473	0.000213454	6.67523e-06	0	7.21382e-05	0.946141	2.27514e-07	2.34339e-07	288.499	3453.74	3742.24	
-1	134	1.34	6588.57	-2934.49	12243.5	3.69871e-07	3.13965e-08	3.04692e-08	9.27315e-10	4.80832e-07	0.000219883	-2.65371	0.000213095	6.78748e-06	0	7.28397e-05	0.861637	2.27324e-07	2.3409e-07	288.081	3454.07	3742.15	
10	136	1.36	6742.93	-2936.4	12455.2	3.69906e-07	3.1361e-08	3.04174e-08	9.43598e-10	4.80878e-07	0.00021964	-2.76126	0.000212733	6.90666e-06	0	7.36856e-05	0.739356	2.27048e-07	2.33818e-07	287.647	3454.42	3742.06	
8	138	1.38	6889.45	-2895.65	12668.2	3.69953e-07	3.13142e-08	3.03541e-08	9.60125e-10	4.80939e-07	0.000219318	-2.90375	0.00021229	7.02763e-06	0	7.45864e-05	0.621921	2.26784e-07	2.33571e-07	287.254	3454.72	3741.98	
5	140	1.4	7041.12	-2883.77	12884.3	3.69987e-07	3.12799e-08	3.03027e-08	9.77195e-10	4.80984e-07	0.000219084	-3.00749	0.000211931	7.15258e-06	0	7.55108e-05	0.486988	2.26479e-07	2.3328e-07	286.794	3455.09	3741.89	
7	142	1.42	7188.56	-2955.47	13099.4	3.70022e-07	3.12452e-08	3.0251e-08	9.94157e-10	4.81029e-07	0.000218846	-3.11262	0.00021157	7.27673e-06	0	7.63809e-05	0.371443	2.26219e-07	2.33033e-07	286.392	3455.41	3741.8	
7	144	1.44	7336.13	-2951.2	13317.5	3.70064e-07	3.12032e-08	3.01916e-08	1.01151e-09	4.81084e-07	0.000218558	-3.2402	0.000211154	7.40377e-06	0	7.7255e-05	0.250068	2.25946e-07	2.32757e-07	285.961	3455.75	3741.71	
5	146	1.46	7472.11	-2985.76	13539.8	3.70099e-07	3.11685e-08	3.01394e-08	1.02914e-09	4.81129e-07	0.000218321	-3.34502	0.000210789	7.53277e-06	0	7.81487e-05	0.110591	2.25631e-07	2.32451e-07	285.492	3456.13	3741.62	
10	148	1.48	7628.87	-3194.78	13763.9	3.70132e-07	3.11352e-08	3.00877e-08	1.04754e-09	4.81172e-07	0.000218095	-3.44542	0.000210427	7.66744e-06	0	7.90296e-05	0.0222766	2.25432e-07	2.32243e-07	285.126	3456.41	3741.54	
10	150	1.5	7775.03	-3056.93	13994.3	3.7016e-07	3.11074e-08	3.00415e-08	1.06592e-09	4.81208e-07	0.000217906	-3.52886	0.000210104	7.802e-06	0	7.99084e-05	-0.0649238	2.25236e-07	2.32028e-07	284.77	3456.68	3741.45	
-1	152	1.52	7973.23	-3091.98	14227.4	3.70193e-07	3.10747e-08	2.99898e-08	1.08487e-09	4.81251e-07	0.000217684	-3.62738	0.000209743	7.94072e-06	0	8.08517e-05	-0.173581	2.24991e-07	2.31816e-07	284.422	3456.94	3741.36	
5	154	1.54	8107.6	-3129.46	14464.3	3.70227e-07	3.10406e-08	2.99366e-08	1.10406e-09	4.81295e-07	0.000217451	-3.73015	0.00020937	8.08118e-06	0	8.18188e-05	-0.277323	2.24757e-07	2.31585e-07	284.058	3457.22	3741.27	
8	156	1.56	8250.65	-3136.26	14703.4	3.70267e-07	3.10001e-08	2.98769e-08	1.12319e-09	4.81347e-07	0.000217174	-3.8528	0.000208953	8.22117e-06	0	8.26932e-05	-0.402772	2.24474e-07	2.31317e-07	283.636	3457.55	3741.19	
5	158	1.58	8385.04	-3205.18	14945.4	3.703e-07	3.09673e-08	2.98252e-08	1.14209e-09	4.8139e-07	0.000216951	-3.9516	0.000208592	8.35951e-06	0	8.35292e-05	-0.532034	2.24183e-07	2.31026e-07	283.189	3457.91	3741.1	
5	160	1.6	8518.8	-3344.46	15192.5	3.7033e-07	3.09373e-08	2.97751e-08	1.16217e-09	4.81429e-07	0.000216748	-4.0416	0.000208241	8.50653e-06	0	8.44232e-05	-0.65042	2.23916e-07	2.30778e-07	282.818	3458.19	3741.01	
8	162	1.62	8665.05	-3345.37	15440.7	3.70354e-07	3.09135e-08	2.97305e-08	1.18304e-09	4.8146e-07	0.000216588	-4.11225	0.000207929	8.65929e-06	0	0.000107625	-0.70044	2.23803e-07	2.30634e-07	282.527	3458.4	3740.92	
-1	164	1.64	8823.33	-3328.86	15687.7	3.70394e-07	3.0873e-08	2.96691e-08	1.20394e-09	4.81513e-07	0.000216312	-4.23463	0.0002075	8.81225e-06	0	8.61139e-05	-0.811076	2.23554e-07	2.30409e-07	282.141	3458.69	3740.83	
7	166	1.66	8975.32	-3321.83	15939.2	3.70426e-07	3.08409e-08	2.96164e-08	1.22457e-09	4.81554e-07	0.000216094	-4.33105	0.000207131	8.96322e-06	0	8.70119e-05	-0.903324	2.23346e-07	2.30171e-07	281.756	3458.99	3740.75	
7	168	1.68	9132.73	-3382.75	16196.3	3.70466e-07	3.08014e-08	2.95551e-08	1.2463e-09	4.81606e-07	0.000215825	-4.45036	0.000206702	9.12227e-06	0	8.78987e-05	-1.04888	2.23018e-07	2.29874e-07	281.303	3459.36	3740.66	
7	170	1.7	9278.34	-3405.57	16455.2	3.70504e-07	3.07635e-08	2.94964e-08	1.2671e-09	4.81655e-07	0.000215566	-4.56478	0.000206292	9.27453e-06	0	8.87144e-05	-1.14833	2.22794e-07	2.29632e-07	280.907	3459.66	3740.57	
8	172	1.72	9435.54	-3499.16	16722.9	3.70542e-07	3.07254e-08	2.94359e-08	1.28941e-09	4.81705e-07	0.000215307	-4.67955	0.000205869	9.43786e-06	0	8.95966e-05	-1.28402	2.22488e-07	2.29357e-07	280.464	3460.02	3740.48	
-1	174	1.74	9594.4	-3765.19	16991.4	3.70575e-07	3.06926e-08	2.93811e-08	1.31146e-09	4.81747e-07	0.000215085	-4.77789	0.000205486	9.59923e-06	0	0.000103277	-1.36254	2.22311e-07	2.29166e-07	280.026	3460.37	3740.4	
6	176	1.76	9787.88	-3690	17253.7	3.70616e-07	3.06511e-08	2.93177e-08	1.33339e-09	4.81801e-07	0.000214802	-4.9031	0.000205042	9.75978e-06	0	9.14721e-05	-1.45484	2.22103e-07	2.2894e-07	279.648	3460.66	3740.31	
10	178	1.78	9945.02	-3666.82	17530.9	3.70652e-07	3.06159e-08	2.92605e-08	1.35539e-09	4.81847e-07	0.000214563	-5.00902	0.000204642	9.92081e-06	0	9.23752e-05	-1.59716	2.21782e-07	2.2864e-07	279.192	3461.03	3740.22	
5	180	1.8	10084	-3657.87	17812.6	3.70678e-07	3.05896e-08	2.92105e-08	1.37915e-09	4.81881e-07	0.000214387	-5.08686	0.000204292	1.00947e-05	0	9.32627e-05	-1.6877	2.21578e-07	2.28439e-07	278.859	3461.28	3740.13	
-1	182	1.82	10255.1	-3651.24	18093.6	3.70714e-07	3.0553e-08	2.91505e-08	1.40251e-09	4.81929e-07	0.000214139	-5.1968	0.000203873	1.02657e-05	0	9.41719e-05	-1.7878	2.21353e-07	2.28213e-07	278.493	3461.55	3740.05	
5	184	1.84	10396.7	-3692.43	18377	3.7075e-07	3.05172e-08	2.90918e-08	1.42542e-09	4.81975e-07	0.000213895	-5.30449	0.000203462	1.04334e-05	0	9.51372e-05	-1.89468	2.21112e-07	2.27961e-07	278.092	3461.87	3739.96	
7	186	1.86	10548.9	-3697.51	18664.5	3.70785e-07	3.04824e-08	2.90324e-08	1.45e-09	4.8202e-07	0.00021366	-5.40859	0.000203047	1.06133e-05	0	9.61291e-05	-2.01867	2.20832e-07	2.27692e-07	277.674	3462.2	3739.87	
7	188	1.88	10702.8	-3790.95	18952.2	3.70817e-07	3.04503e-08	2.89774e-08	1.47288e-09	4.82062e-07	0.000213443	-5.50469	0.000202662	1.07808e-05	0	9.70174e-05	-2.11943	2.20605e-07	2.27442e-07	277.269	3462.51	3739.78	
7	190	1.9	10854.1	-3821.84	19249	3.70848e-07	3.04198e-08	2.89214e-08	1.49839e-09	4.82102e-07	0.000213238	-5.59554	0.00020227	1.09675e-05	0	9.77965e-05	-2.22669	2.20363e-07	2.27213e-07	276.894	3462.8	3739.7	
7	192	1.92	11004.6	-4026.56	19533.8	3.70879e-07	3.03887e-08	2.88677e-08	1.52101e-09	4.82142e-07	0.000213028	-5.68848	0.000201895	1.1133e-05	0	9.85819e-05	-2.2526	2.20305e-07	2.27147e-07	276.59	3463.02	3739.61	
6	194	1.94	11154.4	-4124.69	19832.4	3.70905e-07	3.03622e-08	2.88152e-08	1.54699e-09	4.82177e-07	0.000212851	-5.7668	0.000201528	1.13232e-05	0	9.93202e-05	-2.33885	2.20111e-07	2.26938e-07	276.198	3463.32	3739.52	
6	196	1.96	11317.3	-4389.94	20125	3.70936e-07	3.03312e-08	2.87607e-08	1.57045e-09	4.82217e-07	0.000212642	-5.85952	0.000201147	1.14949e-05	0	0.00010011	-2.35974	2.20063e-07	2.26885e-07	275.924	3463.51	3739.43	
8	198	1.98	11476.9	-4273.03	20426.3	3.70967e-07	3.03005e-08	2.8704e-08	1.59644e-09	4.82257e-07	0.000212435	-5.95084	0.00020075	1.16852e-05	0	0.000100937	-2.48215	2.19788e-07	2.26651e-07	275.506	3463.84	3739.35	
10	200	2	11998.7	-4137.29	20730.5	3.71125e-07	3.01424e-08	2.85335e-08	1.60884e-09	4.82463e-07	0.000211334	-6.43857	0.000199558	1.17759e-05	0	0.000101529	-2.55974	2.19613e-07	2.26445e-07	275.128	3464.13	3739.26	
7	202	2.02	12204.9	-4892.7	19811.7	3.71227e-07	3.00407e-08	2.83989e-08	1.64176e-09	4.82595e-07	0.000210633	-6.74873	0.000198616	1.20169e-05	0	0.00010537	-3.04232	2.18525e-07	2.25234e-07	273.299	3465.74	3739.04	
-1	204	2.04	12384.9	-4636.07	20151	3.71301e-07	2.99665e-08	2.8295e-08	1.67154e-09	4.82691e-07	0.000210124	-6.97398	0.00019789	1.22348e-05	0	0.000107806	-3.2594	2.18036e-07	2.24643e-07	272.482	3466.47	3738.96	
5	206	2.06	12541.1	-4605.13	20490.3	3.71376e-07	2.98916e-08	2.81925e-08	1.69909e-09	4.82789e-07	0.000209609	-7.20196	0.000197173	1.24365e-05	0	0.000108842	-3.49462	2.17506e-07	2.24083e-07	271.681	3467.19	3738.87	
5	208	2.08	12698.3	-4573.16	20830.6	3.71429e-07	2.98382e-08	2.81082e-08	1.72996e-09	4.82858e-07	0.000209246	-7.36304	0.000196583	1.26624e-05	0	0.000110469	-3.69129	2.17062e-07	2.23627e-07	271.036	3467.75	3738.78	
5	210	2.1	12858.3	-4473.69	21164.9	3.71489e-07	2.97781e-08	2.80204e-08	1.75773e-09	4.82936e-07	0.000208835	-7.54485	0.000195969	1.28657e-05	0	0.000112606	-3.87222	2.16655e-07	2.23221e-07	270.431	3468.26	3738.7	
7	212	2.12	13012.3	-4486.05	21506	3.7154e-07	2.97269e-08	2.79404e-08	1.78652e-09	4.83003e-07	0.000208486	-7.69935	0.00019541	1.30764e-05	0	0.000114387	-4.07633	2.16195e-07	2.22793e-07	269.826	3468.78	3738.61	
8	214	2.14	13198.5	-4489.68	21848.1	3.71592e-07	2.96755e-08	2.78604e-08	1.8151e-09	4.83069e-07	0.000208136	-7.85443	0.00019485	1.32856e-05	0	0.000116068	-4.19505	2.15927e-07	2.22455e-07	269.32	3469.2	3738.52	
5	216	2.16	13371.8	-4516.65	22191.6	3.71638e-07	2.9629e-08	2.77853e-08	1.84376e-09	4.8313e-07	0.00020782	-7.99418	0.000194325	1.34954e-05	0	0.000117345	-4.34835	2.15582e-07	2.22147e-07	268.803	3469.63	3738.43	
7	218	2.18	13614.8	-4659.07	22530.2	3.71685e-07	2.95824e-08	2.77102e-08	1.87221e-09	4.8319e-07	0.000207503	-8.13431	0.0001938	1.37037e-05	0	0.000118616	-4.52695	2.15179e-07	2.21756e-07	268.242	3470.11	3738.35	
7	220	2.2	14104.6	-4735.06	22875.6	3.71716e-07	2.95517e-08	2.76488e-08	1.90299e-09	4.8323e-07	0.000207299	-8.22492	0.00019337	1.3929e-05	0	0.000119746	-4.60215	2.15009e-07	2.21592e-07	267.836	3470.42	3738.26	
10	222	2.22	14505.9	-4775.4	23214.6	3.71761e-07	2.95065e-08	2.7574e-08	1.93252e-09	4.83289e-07	0.000206992	-8.36076	0.000192847	1.41451e-05	0	0.00012066	-4.69533	2.14799e-07	2.21339e-07	267.386	3470.79	3738.17	
5	224	2.24	14885.5	-4704.23	23561.7	3.71814e-07	2.94536e-08	2.74912e-08	1.96247e-09	4.83358e-07	0.000206632	-8.52012	0.000192268	1.43643e-05	0	0.000121418	-4.86012	2.14428e-07	2.21031e-07	266.906	3471.18	3738.09	
8	226	2.26	15372	-4681.73	23911	3.71856e-07	2.94114e-08	2.74184e-08	1.99297e-09	4.83413e-07	0.000206346	-8.64652	0.000191759	1.45876e-05	0	0.000122281	-5.02673	2.14053e-07	2.2064e-07	266.301	3471.7	3738	
7	228	2.28	15820.1	-4716.83	24260	3.71911e-07	2.9356e-08	2.73334e-08	2.02258e-09	4.83485e-07	0.000205968	-8.81391	0.000191164	1.48043e-05	0	0.000123023	-5.15821	2.13756e-07	2.20337e-07	265.833	3472.08	3737.91	
7	230	2.3	16197.4	-4760.61	24618.4	3.71957e-07	2.93105e-08	2.72561e-08	2.05441e-09	4.83544e-07	0.000205661	-8.95012	0.000190624	1.50372e-05	0	0.000123591	-5.32863	2.13372e-07	2.19929e-07	265.23	3472.6	3737.83	
7	232	2.32	16633.9	-4822.9	24977.9	3.71997e-07	2.92699e-08	2.7185e-08	2.0849e-09	4.83597e-07	0.000205387	-9.07134	0.000190126	1.52604e-05	0	0.000162944	-5.46199	2.13072e-07	2.19645e-07	264.795	3472.94	3737.74	
7	234	2.34	17058	-4853.05	25342.3	3.72037e-07	2.92306e-08	2.71141e-08	2.11651e-09	4.83648e-07	0.000205122	-9.18851	0.00018963	1.54918e-05	0	0.000124727	-5.59575	2.1277e-07	2.19363e-07	264.355	3473.3	3737.65	
8	236	2.36	17544.5	-4850.39	25708.4	3.72085e-07	2.91821e-08	2.70339e-08	2.14813e-09	4.83711e-07	0.000204793	-9.33422	0.00018907	1.57232e-05	0	0.000125206	-5.74421	2.12436e-07	2.19073e-07	263.911	3473.65	3737.57	
10	238	2.38	18044.6	-4851.02	26075.2	3.7213e-07	2.91378e-08	2.69585e-08	2.17928e-09	4.83768e-07	0.000204494	-9.46674	0.000188543	1.59512e-05	0	0.000125712	-5.86102	2.12172e-07	2.18752e-07	263.404	3474.07	3737.48	
10	240	2.4	18505.4	-4973.11	26445.3	3.72183e-07	2.9084e-08	2.68726e-08	2.21136e-09	4.83838e-07	0.000204128	-9.62883	0.000187942	1.6186e-05	0	0.000126082	-6.05551	2.11734e-07	2.18373e-07	262.849	3474.54	3737.39	
-1	242	2.42	19029	-5155.81	26818.9	3.72238e-07	2.90293e-08	2.67863e-08	2.24301e-09	4.8391e-07	0.000203756	-9.79353	0.000187338	1.64177e-05	0	0.000182601	-6.18559	2.11441e-07	2.18057e-07	262.271	3475.03	3737.31	
-1	244	2.44	19510.9	-5187.34	27196.6	3.72294e-07	2.89737e-08	2.66981e-08	2.27565e-09	4.83982e-07	0.000203378	-9.96085	0.000186721	1.66566e-05	0	0.000147124	-6.35262	2.11064e-07	2.17686e-07	261.707	3475.51	3737.22	
10	246	2.46	19989.4	-5267.84	27579.8	3.72342e-07	2.89254e-08	2.66162e-08	2.30929e-09	4.84045e-07	0.000203051	-10.1055	0.000186148	1.69028e-05	0	0.000183753	-6.52953	2.10666e-07	2.17327e-07	261.145	3475.99	3737.13	
-1	248	2.48	20666.6	-5282.49	27966.1	3.72383e-07	2.88848e-08	2.65432e-08	2.34165e-09	4.84097e-07	0.000202777	-10.2267	0.000185638	1.71397e-05	0	0.000316343	-6.63572	2.10426e-07	2.17046e-07	260.66	3476.38	3737.05	
-1	250	2.5	21333.6	-5917.01	28378.8	3.7242e-07	2.88471e-08	2.64726e-08	2.37445e-09	4.84146e-07	0.000202524	-10.3389	0.000185144	1.73798e-05	0	0.000504243	-6.66424	2.10362e-07	2.17018e-07	260.248	3476.71	3736.96	
7	252	2.52	21940.3	-17890.1	28701.5	3.72464e-07	2.88038e-08	2.63969e-08	2.40688e-09	4.84203e-07	0.000202232	-10.4681	0.000184615	1.76171e-05	0	0.000449685	-4.88111	2.14381e-07	2.21668e-07	259.76	3477.11	3736.87	
7	254	2.54	22507.9	-8921.14	29075	3.72503e-07	2.87644e-08	2.63301e-08	2.43431e-09	4.84254e-07	0.000201966	-10.586	0.000184148	1.78179e-05	0	0.00032573	-4.90676	2.14323e-07	2.21647e-07	259.308	3477.48	3736.79	
7	256	2.56	22969.4	-9580.57	29488.8	3.72549e-07	2.8718e-08	2.62543e-08	2.46377e-09	4.84314e-07	0.000201651	-10.7255	0.000183617	1.80336e-05	0	0.000433068	-4.82892	2.14498e-07	2.21856e-07	258.867	3477.83	3736.7	
7	258	2.58	23446.9	-9894.45	30010	3.726e-07	2.86669e-08	2.61716e-08	2.49534e-09	4.84381e-07	0.000201304	-10.8791	0.000183039	1.82647e-05	0	0.0003917	-4.21785	2.15876e-07	2.23711e-07	258.314	3478.3	3736.61	
7	260	2.6	23875.5	-10775.9	30609.3	3.72656e-07	2.86114e-08	2.60913e-08	2.52011e-09	4.84453e-07	0.000200924	-11.0474	0.000182478	1.84459e-05	0	0.000313282	-3.91574	2.16557e-07	2.24387e-07	257.759	3478.77	3736.53	
6	262	2.62	24446.9	-11862.8	31230.5	3.72702e-07	2.85651e-08	2.60191e-08	2.54599e-09	4.84513e-07	0.000200608	-11.1871	0.000181973	1.86354e-05	0	0.000614334	-3.48609	2.17525e-07	2.25383e-07	257.248	3479.19	3736.44	
7	264	2.64	25041.5	-14256.5	31923.4	3.72758e-07	2.85098e-08	2.59405e-08	2.56937e-09	4.84585e-07	0.000200229	-11.3549	0.000181422	1.88065e-05	0	0.000448931	-2.44914	2.19862e-07	2.27811e-07	256.693	3479.66	3736.35	
8	266	2.66	25640.5	-13556.4	32679.2	3.72804e-07	2.84636e-08	2.58672e-08	2.59638e-09	4.84645e-07	0.000199914	-11.4941	0.00018091	1.90042e-05	0	0.000233776	-1.3124	2.22424e-07	2.30566e-07	256.137	3480.13	3736.27	
-1	268	2.68	26163.3	-16032.7	33394.5	3.72844e-07	2.84239e-08	2.58048e-08	2.61914e-09	4.84697e-07	0.000199644	-11.6138	0.000180473	1.91708e-05	0	0.000666777	-0.383807	2.24517e-07	2.32656e-07	255.697	3480.49	3736.18	
7	270	2.7	26630.4	-15719	34055	3.72891e-07	2.83766e-08	2.57308e-08	2.64585e-09	4.84758e-07	0.000199322	-11.7563	0.000179956	1.93663e-05	0	0.000591182	0.200315	2.25833e-07	2.33974e-07	255.214	3480.88	3736.1	
6	272	2.72	27149.7	-16691.6	34687.2	3.72943e-07	2.83242e-08	2.56508e-08	2.67343e-09	4.84826e-07	0.000198965	-11.9145	0.000179397	1.95682e-05	0	0.000644335	0.995871	2.27626e-07	2.35817e-07	254.662	3481.35	3736.01	
8	274	2.74	27606.7	-15754.5	35292.6	3.72987e-07	2.82802e-08	2.5577e-08	2.70319e-09	4.84883e-07	0.000198667	-12.0465	0.000178881	1.9786e-05	0	0.000565824	1.45855	2.28669e-07	2.369e-07	254.149	3481.78	3735.93	
7	276	2.76	28119	-16124.6	35859	3.73038e-07	2.82299e-08	2.54972e-08	2.73273e-09	4.84949e-07	0.000198324	-12.1981	0.000178322	2.00022e-05	0	0.000895226	1.4538	2.28659e-07	2.36893e-07	253.64	3482.2	3735.84	
6	278	2.78	28525.6	-14981.2	36427	3.7309e-07	2.81772e-08	2.54124e-08	2.76485e-09	4.85017e-07	0.000197966	-12.3566	0.000177729	2.02373e-05	0	0.000526641	1.61186	2.29015e-07	2.37269e-07	253.116	3482.64	3735.75	
7	280	2.8	28990.8	-15518.6	36973.1	3.73143e-07	2.81242e-08	2.53274e-08	2.79681e-09	4.85086e-07	0.000197606	-12.5162	0.000177135	2.04712e-05	0	0.000550014	2.10704	2.30131e-07	2.38434e-07	252.52	3483.15	3735.67	
8	282	2.82	29468.5	-17818.8	37454.1	3.73204e-07	2.80638e-08	2.52363e-08	2.82753e-09	4.85165e-07	0.000197194	-12.6986	0.000176498	2.06961e-05	0	0.000716623	2.55743	2.31146e-07	2.39506e-07	251.934	3483.65	3735.58	
6	284	2.84	29964	-19063.9	37933.2	3.73263e-07	2.80043e-08	2.5147e-08	2.85728e-09	4.85242e-07	0.000196787	-12.8786	0.000175873	2.09139e-05	0	0.000882506	2.85941	2.31826e-07	2.40185e-07	251.301	3484.2	3735.5	
8	286	2.86	30436.5	-17131.5	38402.1	3.73312e-07	2.79558e-08	2.50655e-08	2.89037e-09	4.85305e-07	0.000196459	-13.0239	0.000175303	2.11561e-05	0	0.000544516	3.21998	2.32639e-07	2.40994e-07	250.744	3484.67	3735.41	
7	288	2.88	30895.7	-17303.3	38882.4	3.73357e-07	2.79101e-08	2.49891e-08	2.92108e-09	4.85364e-07	0.000196149	-13.161	0.000174769	2.13808e-05	0	0.000487102	3.41542	2.3308e-07	2.4144e-07	250.242	3485.08	3735.33	
8	290	2.9	31315.1	-17199	39274.7	3.73411e-07	2.78565e-08	2.48944e-08	2.96205e-09	4.85434e-07	0.000195787	-13.3212	0.000174107	2.16807e-05	0	0.000434403	4.13988	2.34712e-07	2.43299e-07	249.742	3485.5	3735.24	
10	292	2.92	31782.7	-17387.3	39810.1	3.7347e-07	2.77975e-08	2.48088e-08	2.98874e-09	4.85511e-07	0.000195384	-13.5	0.000173507	2.18761e-05	0	0.000615664	4.54248	2.3562e-07	2.44205e-07	249.103	3486.05	3735.16	
6	294	2.94	32382.6	-18626.4	40308.4	3.73526e-07	2.77419e-08	2.472e-08	3.02185e-09	4.85583e-07	0.000195005	-13.6675	0.000172887	2.21185e-05	0	0.000800921	5.36356	2.3747e-07	2.46138e-07	248.537	3486.53	3735.07	
10	296	2.96	32983.1	-16825.4	40786.3	3.73582e-07	2.7685e-08	2.46303e-08	3.05468e-09	4.85657e-07	0.000194618	-13.8389	0.000172259	2.23587e-05	0	0.000652134	5.81196	2.38481e-07	2.47282e-07	247.904	3487.08	3734.98	
6	298	2.98	33526.9	-18753.3	41343.2	3.73633e-07	2.76342e-08	2.45465e-08	3.08771e-09	4.85723e-07	0.000194274	-13.9912	0.000171674	2.26005e-05	0	0.000665432	6.37175	2.39743e-07	2.48613e-07	247.366	3487.53	3734.9	
7	300	3	35094.5	-17987.4	41954.1	3.7381e-07	2.74573e-08	2.43565e-08	3.10082e-09	4.85953e-07	0.000193041	-14.5371	0.000170345	2.26964e-05	0	0.000661941	6.72122	2.4053e-07	2.49422e-07	246.819	3488	3734.81	
6	302	3.02	35725.8	-19714.7	40745.9	3.73928e-07	2.73396e-08	2.42132e-08	3.12639e-09	4.86106e-07	0.000192226	-14.8981	0.000169342	2.28836e-05	0	0.000635955	6.45096	2.39921e-07	2.48445e-07	244.769	3489.78	3734.55	
6	304	3.04	36339.3	-19146	41388	3.73995e-07	2.72725e-08	2.41076e-08	3.16481e-09	4.86193e-07	0.000191769	-15.1003	0.000168604	2.31648e-05	0	0.000439972	6.41792	2.39847e-07	2.48426e-07	243.974	3490.49	3734.46	
7	306	3.06	36832.1	-16090.5	42005.4	3.74057e-07	2.72104e-08	2.40049e-08	3.20552e-09	4.86274e-07	0.000191348	-15.2865	0.000167885	2.34628e-05	0	0.0003175	6.33903	2.39669e-07	2.48269e-07	243.212	3491.17	3734.38	
8	308	3.08	37390	-15565.2	42607.7	3.74107e-07	2.71606e-08	2.39135e-08	3.24713e-09	4.86339e-07	0.000191013	-15.4348	0.000167246	2.37673e-05	0	0.000430158	6.33301	2.39655e-07	2.48253e-07	242.63	3491.66	3734.29	
6	310	3.1	37860.7	-15122.3	43179.9	3.74169e-07	2.70987e-08	2.38108e-08	3.28795e-09	4.86419e-07	0.000190594	-15.6204	0.000166528	2.40662e-05	0	0.000446435	6.31146	2.39607e-07	2.48198e-07	242.034	3492.17	3734.21	
7	312	3.12	38352.1	-16524.6	43737.3	3.74215e-07	2.70519e-08	2.37251e-08	3.32678e-09	4.8648e-07	0.000190279	-15.7598	0.000165929	2.43504e-05	0	0.000434852	6.63752	2.40342e-07	2.48902e-07	241.525	3492.6	3734.12	
8	314	3.14	38883.7	-16814.5	44264.6	3.74281e-07	2.69867e-08	2.36222e-08	3.36455e-09	4.86565e-07	0.000189836	-15.9562	0.000165209	2.46268e-05	0	0.000501734	6.78915	2.40683e-07	2.4935e-07	240.87	3493.17	3734.04	
6	316	3.16	39359.2	-16347.7	44801.8	3.74335e-07	2.69326e-08	2.35265e-08	3.40614e-09	4.86635e-07	0.000189471	-16.1177	0.000164539	2.49312e-05	0	0.000558326	6.95023	2.41046e-07	2.49733e-07	240.261	3493.69	3733.95	
6	318	3.18	39859.1	-18396.8	45312.1	3.7439e-07	2.68777e-08	2.34351e-08	3.44262e-09	4.86707e-07	0.000189099	-16.2825	0.0001639	2.51983e-05	0	0.000603976	7.21389	2.41641e-07	2.50333e-07	239.684	3494.18	3733.87	
8	320	3.2	40375.2	-19022.1	45847.9	3.74441e-07	2.68268e-08	2.33447e-08	3.48207e-09	4.86773e-07	0.000188755	-16.4345	0.000163268	2.5487e-05	0	0.000682804	7.42647	2.4212e-07	2.50847e-07	239.141	3494.64	3733.78	
5	322	3.22	40828.4	-17557	46382.3	3.74493e-07	2.67742e-08	2.32515e-08	3.52272e-09	4.86841e-07	0.000188401	-16.5913	0.000162617	2.57845e-05	0	0.000587389	7.68957	2.42713e-07	2.51476e-07	238.568	3495.13	3733.7	
8	324	3.24	41619.5	-20408.4	46919.4	3.74541e-07	2.67268e-08	2.31642e-08	3.56258e-09	4.86903e-07	0.000188082	-16.7325	0.000162006	2.60763e-05	0	0.000740962	7.94983	2.43299e-07	2.52083e-07	238.049	3495.56	3733.61	
8	326	3.26	42370.2	-21626.5	47421.6	3.74591e-07	2.6676e-08	2.30755e-08	3.60053e-09	4.86969e-07	0.00018774	-16.8841	0.000161386	2.63541e-05	0	0.000770689	8.33079	2.44158e-07	2.52972e-07	237.543	3495.99	3733.53	
8	328	3.28	42944.2	-16988.6	47932.3	3.7464e-07	2.66273e-08	2.29857e-08	3.64165e-09	4.87032e-07	0.000187412	-17.0291	0.000160757	2.6655e-05	0	0.00056407	8.42763	2.44376e-07	2.53238e-07	236.979	3496.46	3733.44	
-1	330	3.3	43557.5	-19940.6	48424.2	3.74691e-07	2.65768e-08	2.28934e-08	3.68335e-09	4.87098e-07	0.000187072	-17.1796	0.000160112	2.69603e-05	0	0.000599213	8.72937	2.45056e-07	2.53945e-07	236.464	3496.9	3733.36	
6	332	3.32	44057.1	-17954	48917.7	3.74735e-07	2.65324e-08	2.28082e-08	3.7242e-09	4.87155e-07	0.000186775	-17.311	0.000159516	2.72593e-05	0	0.000511756	8.98288	2.45628e-07	2.54546e-07	235.937	3497.34	3733.27	
10	334	3.34	44680.8	-19312.5	49411.6	3.74782e-07	2.64856e-08	2.27203e-08	3.76529e-09	4.87216e-07	0.000186461	-17.4501	0.000158901	2.756e-05	0	0.000507875	9.39003	2.46545e-07	2.555e-07	235.462	3497.73	3733.19	
6	336	3.36	45297.7	-18881.1	49894.9	3.74825e-07	2.6442e-08	2.26349e-08	3.80706e-09	4.87273e-07	0.00018617	-17.579	0.000158304	2.78658e-05	0	0.000546633	9.67803	2.47194e-07	2.56161e-07	234.944	3498.16	3733.11	
6	338	3.38	45840.7	-19326.5	50369.7	3.74864e-07	2.6403e-08	2.25541e-08	3.84898e-09	4.87324e-07	0.000185911	-17.6936	0.000157739	2.81726e-05	0	0.000486779	10.1831	2.48333e-07	2.57293e-07	234.495	3498.53	3733.02	
6	340	3.4	46369.2	-18801.6	50825.5	3.74908e-07	2.6359e-08	2.24688e-08	3.89014e-09	4.87381e-07	0.000185616	-17.8242	0.000157142	2.84739e-05	0	0.00043226	10.4316	2.48893e-07	2.57855e-07	234.081	3498.85	3732.94	
10	342	3.42	46958.8	-16938	51304.8	3.74962e-07	2.63056e-08	2.23735e-08	3.93208e-09	4.8745e-07	0.000185257	-17.9835	0.000156476	2.87808e-05	0	0.000356551	10.6897	2.49475e-07	2.58436e-07	233.548	3499.3	3732.85	
8	344	3.44	47712.8	-20047.2	51753.5	3.75007e-07	2.62607e-08	2.22876e-08	3.97305e-09	4.87509e-07	0.000184956	-18.1165	0.000155875	2.90807e-05	0	0.000400583	11.2949	2.50839e-07	2.59788e-07	233.023	3499.74	3732.77	
8	346	3.46	48528.8	-18272.4	52202.9	3.75046e-07	2.62217e-08	2.22063e-08	4.01546e-09	4.87559e-07	0.000184697	-18.231	0.000155306	2.93912e-05	0	0.000395356	11.6463	2.5163e-07	2.6065e-07	232.527	3500.15	3732.68	
6	348	3.48	49341.6	-20386.2	52636.8	3.75095e-07	2.61728e-08	2.21174e-08	4.05541e-09	4.87623e-07	0.000184368	-18.3767	0.000154685	2.96836e-05	0	0.000426333	12.0943	2.5264e-07	2.61626e-07	232.092	3500.5	3732.6	
6	350	3.5	50183.2	-19849.3	53081.3	3.75151e-07	2.6116e-08	2.20169e-08	4.0991e-09	4.87697e-07	0.000183985	-18.5463	0.000153982	3.00034e-05	0	0.000415992	12.6426	2.53876e-07	2.62807e-07	231.531	3500.98	3732.51	
6	352	3.52	51000.2	-20787.8	53518.2	3.75203e-07	2.60639e-08	2.19246e-08	4.13931e-09	4.87765e-07	0.000183634	-18.7018	0.000153336	3.02977e-05	0	0.000403332	13.2413	2.55225e-07	2.64207e-07	230.918	3501.51	3732.43	
10	354	3.54	51952.9	-20704.5	53976.5	3.7525e-07	2.60173e-08	2.18358e-08	4.18154e-09	4.87825e-07	0.000183322	-18.84	0.000152715	3.06068e-05	0	0.000386115	13.6539	2.56155e-07	2.65155e-07	230.422	3501.92	3732.34	
10	356	3.56	53112.9	-19251.6	54441.1	3.75295e-07	2.59726e-08	2.1748e-08	4.22458e-09	4.87883e-07	0.000183023	-18.9722	0.000152101	3.09218e-05	0	0.00034383	14.0128	2.56964e-07	2.65945e-07	229.938	3502.32	3732.26	
8	358	3.58	54053	-19156	54936.1	3.75344e-07	2.59234e-08	2.16552e-08	4.26829e-09	4.87947e-07	0.000182694	-19.1181	0.000151452	3.12418e-05	0	0.000338774	14.2527	2.57505e-07	2.66522e-07	229.433	3502.74	3732.17	
6	360	3.6	55414.9	-18941.4	55456.6	3.75389e-07	2.58788e-08	2.15653e-08	4.31351e-09	4.88005e-07	0.000182396	-19.2498	0.000150823	3.15727e-05	0	0.000318915	14.5835	2.58251e-07	2.67277e-07	228.882	3503.21	3732.09	
8	362	3.62	56705.9	-17972.1	55953.5	3.75441e-07	2.58263e-08	2.14691e-08	4.3572e-09	4.88073e-07	0.000182043	-19.4061	0.00015015	3.18925e-05	0	0.000291088	14.9115	2.5899e-07	2.68045e-07	228.385	3503.62	3732.01	
-1	364	3.64	58128.3	-18969.2	56443.2	3.7549e-07	2.57774e-08	2.13768e-08	4.40058e-09	4.88137e-07	0.000181715	-19.5512	0.000149505	3.22101e-05	0	0.000274363	15.2746	2.59808e-07	2.68901e-07	227.835	3504.09	3731.92	
6	366	3.66	58888.5	-20221.1	56947.6	3.75539e-07	2.57284e-08	2.12842e-08	4.44425e-09	4.88201e-07	0.000181387	-19.6966	0.000148857	3.25297e-05	0	0.000278692	15.8365	2.61074e-07	2.70126e-07	227.312	3504.52	3731.84	
6	368	3.68	59475.3	-20617.9	57421.4	3.75589e-07	2.56779e-08	2.11932e-08	4.48473e-09	4.88266e-07	0.000181047	-19.8471	0.000148221	3.2826e-05	0	0.000267126	16.2917	2.621e-07	2.71172e-07	226.814	3504.94	3731.75	
-1	370	3.7	60674	-19800.9	57925.9	3.75639e-07	2.56287e-08	2.10998e-08	4.5289e-09	4.8833e-07	0.000180717	-19.9931	0.000147568	3.31493e-05	0	0.000250689	16.6965	2.63013e-07	2.72091e-07	226.237	3505.43	3731.67	
7	372	3.72	61560.4	-18894.1	58426.2	3.75687e-07	2.55801e-08	2.10072e-08	4.57297e-09	4.88393e-07	0.000180392	-20.1372	0.00014692	3.34719e-05	0	0.00024292	16.9448	2.63572e-07	2.727e-07	225.75	3505.83	3731.58	
6	374	3.74	62047	-18277.4	58941	3.75733e-07	2.55341e-08	2.0916e-08	4.6181e-09	4.88453e-07	0.000180085	-20.2731	0.000146283	3.38022e-05	0	0.000210388	17.2775	2.64322e-07	2.73447e-07	225.257	3506.24	3731.5	
6	376	3.76	62621.1	-18385.5	59478.8	3.75777e-07	2.54907e-08	2.0827e-08	4.66369e-09	4.8851e-07	0.000179796	-20.4011	0.00014566	3.41359e-05	0	0.000247389	17.4693	2.64755e-07	2.7389e-07	224.766	3506.65	3731.42	
8	378	3.78	63566.1	-19204.7	60032	3.75832e-07	2.54352e-08	2.07257e-08	4.70951e-09	4.88582e-07	0.000179423	-20.5662	0.000144952	3.44713e-05	0	0.000434119	17.9254	2.65783e-07	2.74948e-07	224.242	3507.09	3731.33	
-1	380	3.8	64376.1	-18947	60595.7	3.75887e-07	2.53801e-08	2.06239e-08	4.75623e-09	4.88654e-07	0.000179052	-20.7301	0.000144239	3.48132e-05	0	0.000233153	18.0899	2.66153e-07	2.75258e-07	223.625	3507.62	3731.25	
6	382	3.82	65000.2	-20406.4	61135	3.75936e-07	2.53312e-08	2.05294e-08	4.80187e-09	4.88717e-07	0.000178725	-20.8749	0.000143578	3.51473e-05	0	0.000239567	18.3702	2.66785e-07	2.76012e-07	223.103	3508.06	3731.16	
7	384	3.84	65690.6	-20829.1	61660.6	3.75985e-07	2.52819e-08	2.04352e-08	4.84673e-09	4.88781e-07	0.000178395	-21.021	0.00014292	3.54756e-05	0	0.000245193	21.0778	2.72887e-07	2.82901e-07	222.61	3508.47	3731.08	
6	386	3.86	66652.3	-28026.7	62255.9	3.76041e-07	2.52269e-08	2.03335e-08	4.89332e-09	4.88853e-07	0.000178025	-21.1848	0.000142209	3.58167e-05	0	0.000405985	21.867	2.74666e-07	2.84734e-07	222.062	3508.93	3730.99	
8	388	3.88	68262.3	-25186.5	62825	3.76094e-07	2.51732e-08	2.02429e-08	4.93026e-09	4.88923e-07	0.000177662	-21.3457	0.000141575	3.6087e-05	0	0.000660231	22.3784	2.75819e-07	2.85837e-07	221.466	3509.44	3730.91	
7	390	3.9	69657.6	-26627.5	63382.6	3.76144e-07	2.51238e-08	2.01528e-08	4.97095e-09	4.88987e-07	0.00017733	-21.4928	0.000140945	3.63849e-05	0	0.000508118	22.9294	2.77061e-07	2.87134e-07	220.91	3509.92	3730.83	
10	392	3.92	71286.1	-25514.6	63960.6	3.76196e-07	2.5071e-08	2.00598e-08	5.01116e-09	4.89055e-07	0.000176973	-21.6505	0.000140294	3.66792e-05	0	0.000397342	23.4159	2.78157e-07	2.88188e-07	220.394	3510.35	3730.74	
7	394	3.94	72504.7	-24621.9	64504.5	3.7625e-07	2.5017e-08	1.99663e-08	5.05068e-09	4.89126e-07	0.000176609	-21.8119	0.00013964	3.69684e-05	0	0.000504264	23.9236	2.79301e-07	2.89369e-07	219.828	3510.83	3730.66	
6	396	3.96	74127.3	-24344.3	65081.2	3.76288e-07	2.49795e-08	1.98858e-08	5.09369e-09	4.89174e-07	0.000176361	-21.9218	0.000139077	3.72833e-05	0	0.000519162	24.5814	2.80784e-07	2.90817e-07	219.319	3511.26	3730.57	
8	398	3.98	75596.3	-27120.8	65647.9	3.76326e-07	2.49413e-08	1.98043e-08	5.13694e-09	4.89224e-07	0.000176107	-22.034	0.000138508	3.75998e-05	0	0.000540674	25.3382	2.8249e-07	2.9251e-07	218.906	3511.58	3730.49	
8	400	4	77783.5	-28439.3	66184.8	3.76506e-07	2.47611e-08	1.95943e-08	5.16686e-09	4.89458e-07	0.000174857	-22.5874	0.000137038	3.78188e-05	0	0.000650328	26.191	2.84412e-07	2.94464e-07	218.45	3511.96	3730.41	
6	402	4.02	78312.1	-25996.5	62013.2	3.76625e-07	2.46422e-08	1.94426e-08	5.19961e-09	4.89613e-07	0.000174036	-22.951	0.000135978	3.80585e-05	0	0.000601144	26.0753	2.84151e-07	2.93585e-07	216.351	3513.64	3729.99	
6	404	4.04	78763.3	-27262.3	62620.3	3.76693e-07	2.4574e-08	1.93281e-08	5.24596e-09	4.89701e-07	0.000173575	-23.1553	0.000135177	3.83978e-05	0	0.000593521	26.41	2.84905e-07	2.94242e-07	215.491	3514.41	3729.9	
6	406	4.06	79348	-25460.9	63199.5	3.76754e-07	2.45133e-08	1.92212e-08	5.29205e-09	4.8978e-07	0.000173165	-23.3367	0.00013443	3.87352e-05	0	0.000578669	26.9891	2.8621e-07	2.95495e-07	214.842	3514.98	3729.82	
6	408	4.08	79809	-26634.1	63707.6	3.76813e-07	2.44544e-08	1.91184e-08	5.33595e-09	4.89857e-07	0.000172767	-23.5129	0.00013371	3.90565e-05	0	0.000682566	27.5886	2.87562e-07	2.96907e-07	214.238	3515.5	3729.74	
6	410	4.1	80331.7	-25382.1	64196	3.76875e-07	2.43919e-08	1.90111e-08	5.38085e-09	4.89938e-07	0.000172345	-23.6997	0.00013296	3.93851e-05	0	0.000555759	27.9647	2.88409e-07	2.97711e-07	213.558	3516.1	3729.65	
6	412	4.12	80923.1	-24512.1	64676.8	3.76929e-07	2.43389e-08	1.89135e-08	5.42538e-09	4.90007e-07	0.000171988	-23.8575	0.000132277	3.97111e-05	0	0.000531938	28.5976	2.89836e-07	2.991e-07	212.973	3516.6	3729.57	
6	414	4.14	81930.4	-28371.9	65114.9	3.76981e-07	2.42869e-08	1.88167e-08	5.47021e-09	4.90075e-07	0.000171639	-24.0121	0.0001316	4.00392e-05	0	0.00466614	29.4371	2.91728e-07	3.01e-07	212.473	3517.01	3729.49	
6	416	4.16	82676.9	-27914.8	65590.4	3.77033e-07	2.42348e-08	1.87211e-08	5.51367e-09	4.90142e-07	0.000171289	-24.1671	0.000130932	4.03573e-05	0	0.000496735	30.3253	2.9373e-07	3.03065e-07	211.857	3517.55	3729.4	
6	418	4.18	83426.1	-28528.1	66057.8	3.7708e-07	2.41869e-08	1.86305e-08	5.55645e-09	4.90205e-07	0.000170968	-24.3092	0.000130298	4.06705e-05	0	0.000448861	31.6263	2.96662e-07	3.05953e-07	211.365	3517.95	3729.32	
7	420	4.2	84374.3	-32605.8	66625	3.77136e-07	2.41313e-08	1.85379e-08	5.59344e-09	4.90277e-07	0.000170591	-24.4761	0.00012965	4.09412e-05	0	0.000454969	33.6067	3.01125e-07	3.10359e-07	210.833	3518.4	3729.24	
8	422	4.22	85711.2	-33532	67201.4	3.77191e-07	2.40769e-08	1.84454e-08	5.63141e-09	4.90348e-07	0.000170223	-24.6391	0.000129004	4.12191e-05	0	0.000416495	35.4756	3.05337e-07	3.14603e-07	210.28	3518.87	3729.15	
6	424	4.24	86707.9	-34666.7	67798.7	3.77237e-07	2.40307e-08	1.83587e-08	5.67202e-09	4.90408e-07	0.000169913	-24.7762	0.000128397	4.15163e-05	0	0.000587225	37.612	3.10153e-07	3.194e-07	209.737	3519.33	3729.07	
-1	426	4.26	87571.7	-38991.3	68272.1	3.77288e-07	2.3979e-08	1.82665e-08	5.71245e-09	4.90475e-07	0.000169565	-24.9305	0.000127752	4.18123e-05	0	0.000380156	39.1736	3.13672e-07	3.22946e-07	209.248	3519.74	3728.99	
