Liquidw	LiquidT	Tetraw	TeTraT	Orthow	OrthoT	eutw	eutT
1.09052E+00	1.58510E+01		1.00000E+02	-5.91500E+01                                      1.09052E+00	1.58510E+01
7.85976E+01	1.58510E+01		1.09079E+00	1.58760E+01		1.00000E+02	1.58510E+01           7.85976E+01	1.58510E+01
7.85879E+01	1.58760E+01		1.15751E+00	2.21198E+01		1.00000E+02	1.58260E+01           7.85976E+01	1.58510E+01
7.59995E+01	2.21198E+01		1.22315E+00	2.83635E+01		1.00000E+02	-9.14897E+00          1.00000E+02	1.58510E+01
7.30496E+01	2.83635E+01		1.25533E+00	3.14854E+01		1.00000E+02	-3.41490E+01          1.00000E+02	1.58510E+01
7.14124E+01	3.14854E+01		1.28693E+00	3.46073E+01		1.00000E+02	-5.91490E+01          1.09052E+00	1.58510E+01
6.96486E+01	3.46073E+01		1.31783E+00	3.77292E+01		1.00000E+02	-7.31500E+01
6.77417E+01	3.77292E+01		1.34788E+00	4.08510E+01		1.00000E+02	1.90926E+01
6.56719E+01	4.08510E+01		1.37692E+00	4.39729E+01		1.00000E+02	2.13250E+01
6.34162E+01	4.39729E+01		1.40475E+00	4.70948E+01		1.00000E+02	2.38626E+01
6.09486E+01	4.70948E+01		1.43114E+00	5.02167E+01		1.00000E+02	2.67348E+01
5.82413E+01	5.02167E+01		1.44370E+00	5.17776E+01		1.00000E+02	2.83063E+01
5.67895E+01	5.17776E+01		1.44953E+00	5.25225E+01		1.00000E+02	2.91276E+01
5.60724E+01	5.25225E+01		1.46038E+00	5.39493E+01		1.00000E+02	2.95475E+01
5.46542E+01	5.39493E+01		1.47024E+00	5.53002E+01		1.00000E+02	2.97597E+01
5.32567E+01	5.53002E+01		1.47921E+00	5.65843E+01		1.00000E+02	2.97630E+01
5.18793E+01	5.65843E+01		1.48738E+00	5.78098E+01		1.00000E+02	2.97638E+01
5.05214E+01	5.78098E+01		1.49481E+00	5.89842E+01		1.00000E+02	2.97643E+01
4.91826E+01	5.89842E+01		1.50159E+00	6.01145E+01		1.00000E+02	2.97645E+01
4.78622E+01	6.01145E+01		1.50775E+00	6.12073E+01		1.00000E+02	2.97646E+01
4.65598E+01	6.12073E+01		1.51336E+00	6.22685E+01		1.00000E+02	2.97646E+01
4.52750E+01	6.22685E+01		1.51845E+00	6.33039E+01		1.00000E+02	2.97646E+01
4.40073E+01	6.33039E+01		1.52305E+00	6.43188E+01		1.00000E+02	1.71342E+01
4.27564E+01	6.43188E+01		1.52720E+00	6.53183E+01		1.00000E+02	1.71378E+01
4.15218E+01	6.53183E+01		1.53090E+00	6.63071E+01		
4.03033E+01	6.63071E+01		1.53417E+00	6.72900E+01		
3.91005E+01	6.72900E+01		1.53701E+00	6.82713E+01		
3.79131E+01	6.82713E+01		1.53944E+00	6.92554E+01		
3.67408E+01	6.92554E+01		1.54142E+00	7.02464E+01		
3.55834E+01	7.02464E+01		1.54296E+00	7.12484E+01		
3.44405E+01	7.12484E+01		1.54402E+00	7.22654E+01		
3.33120E+01	7.22654E+01		1.54460E+00	7.43603E+01		
3.10971E+01	7.43603E+01		1.54282E+00	7.65621E+01		
2.89370E+01	7.65621E+01		1.53820E+00	7.89015E+01		
2.68304E+01	7.89015E+01		1.53010E+00	8.14091E+01		
2.47763E+01	8.14091E+01		1.51770E+00	8.41154E+01		
2.27736E+01	8.41154E+01		1.49999E+00	8.70505E+01		
2.08220E+01	8.70505E+01		1.47572E+00	9.02443E+01		
1.89209E+01	9.02443E+01		1.44345E+00	9.37255E+01		
1.70702E+01	9.37255E+01		1.40149E+00	9.75211E+01		
1.52701E+01	9.75211E+01		1.34797E+00	1.01656E+02		
1.35209E+01	1.01656E+02		1.28083E+00	1.06151E+02		
1.18228E+01	1.06151E+02		1.19795E+00	1.11023E+02		
1.01764E+01	1.11023E+02		1.09717E+00	1.16284E+02			
8.58200E+00	1.16284E+02		9.76427E-01	1.21940E+02			
7.03983E+00	1.21940E+02		8.33873E-01	1.27991E+02			
5.54988E+00	1.27991E+02		6.67947E-01	1.34433E+02			
4.11183E+00	1.34433E+02		4.77471E-01	1.41256E+02			
2.72501E+00	1.41256E+02		2.61693E-01	1.48446E+02			
1.38834E+00	1.48446E+02		2.03042E-02	1.55986E+02			
1.00422E-01	1.55986E+02		4.36744E-03	1.56468E+02			
2.15086E-02	1.56468E+02		3.67672E-04	1.56589E+02			
1.80876E-03	1.56589E+02		1.17479E-04	1.56596E+02			
5.77899E-04	1.56596E+02		5.49273E-05	1.56598E+02			
2.70192E-04	1.56598E+02		2.36508E-05	1.56599E+02			
1.16339E-04	1.56599E+02		8.01234E-06	1.56600E+02			
3.94128E-05	1.56600E+02		1.93101E-07	1.56600E+02			
9.49863E-07	1.56600E+02		1.93101E-07	1.56600E+02		
9.49863E-07	1.56600E+02		1.09052E+00	1.58510E+01
1.00000E+02	2.97300E+01		1.08994E+00	1.58260E+01
7.85976E+01	1.58510E+01		6.21193E-01	-9.14897E+00
7.86500E+01	1.58760E+01		3.23238E-01	-3.41490E+01
8.21539E+01	1.76451E+01		1.47602E-01	-5.91490E+01
8.57647E+01	1.96730E+01		8.80070E-02	-7.31500E+01
8.94873E+01	2.19858E+01		1.09100E+00	1.58500E+01	
9.33270E+01	2.46117E+01		
9.72895E+01	2.75806E+01		
9.93186E+01	2.92038E+01		
9.98310E+01	2.96248E+01		
9.99594E+01	2.97310E+01		
9.99915E+01	2.97576E+01		
9.99996E+01	2.97642E+01				
9.99998E+01	2.97644E+01				
9.99999E+01	2.97645E+01				
1.00000E+02	2.97646E+01				
1.00000E+02	2.97646E+01										
8.11805E+01	1.71342E+01						
8.11876E+01	1.71378E+01						
8.47687E+01	1.90926E+01						
8.84603E+01	2.13250E+01						
9.22676E+01	2.38626E+01						
9.61959E+01	2.67348E+01						
9.82074E+01	2.83063E+01						
9.92253E+01	2.91276E+01						
9.97373E+01	2.95475E+01						
9.99941E+01	2.97597E+01						
9.99981E+01	2.97630E+01						
9.99991E+01	2.97638E+01						
9.99996E+01	2.97643E+01						
9.99999E+01	2.97645E+01						
1.00000E+02	2.97646E+01						
1.00000E+02	2.97646E+01						
1.00000E+02	2.97646E+01						
