Result	Concentration_M	FractionBCC_c	FractionFCC_c	FractionCEM_c	arc_length
0.105469	0.105469	0.984235	0	0.0157648	0
0.105442	0.105442	0.984239	0	0.0157606	6.35E-06
0.105415	0.105415	0.984243	0	0.0157563	1.27E-05
0.105388	0.105388	0.984248	0	0.0157521	1.90E-05
0.105361	0.105361	0.984252	0	0.0157478	2.54E-05
0.105333	0.105333	0.984256	0	0.0157436	3.17E-05
0.105306	0.105306	0.98426	0	0.0157393	3.81E-05
0.105279	0.105279	0.984264	0	0.0157351	4.44E-05
0.105252	0.105252	0.984269	0	0.0157309	5.08E-05
0.105225	0.105225	0.984273	0	0.0157266	5.71E-05
0.105198	0.105198	0.984277	0	0.0157224	6.35E-05
0.105171	0.105171	0.984281	0	0.0157181	6.98E-05
0.105144	0.105144	0.984285	0	0.0157139	7.62E-05
0.105117	0.105117	0.98429	0	0.0157097	8.25E-05
0.105089	0.105089	0.984294	0	0.0157054	8.89E-05
0.105062	0.105062	0.984298	0	0.0157012	9.52E-05
0.105027	0.105027	0.984303	0	0.0156957	0.000101559
0.104874	0.104874	0.984327	0	0.0156725	0.000107906
0.104722	0.104722	0.98435	0	0.0156494	0.000114254
0.104569	0.104569	0.984373	0	0.0156262	0.000120601
0.104416	0.104416	0.984396	0	0.015603	0.000126949
0.104264	0.104264	0.984419	0	0.0155799	0.000133296
0.104111	0.104111	0.984443	0	0.0155567	0.000139643
0.103958	0.103958	0.984466	0	0.0155335	0.000145991
0.103806	0.103806	0.984489	0	0.0155104	0.000152338
0.103653	0.103653	0.984512	0	0.0154872	0.000158686
0.1035	0.1035	0.984535	0	0.015464	0.000165033
0.103347	0.103347	0.984558	0	0.0154408	0.000171381
0.103194	0.103194	0.984582	0	0.0154176	0.000177728
0.10304	0.10304	0.984605	0	0.0153939	0.000184075
0.102885	0.102885	0.984629	0	0.0153702	0.000190423
0.10273	0.10273	0.984653	0	0.0153465	0.00019677
0.102575	0.102575	0.984677	0	0.0153228	0.000203118
0.10242	0.10242	0.984701	0	0.015299	0.000209465
0.102265	0.102265	0.984724	0	0.0152753	0.000215813
0.10211	0.10211	0.984748	0	0.0152516	0.00022216
0.101955	0.101955	0.984772	0	0.0152279	0.000228507
0.101801	0.101801	0.984796	0	0.0152042	0.000234855
0.101646	0.101646	0.984819	0	0.0151805	0.000241202
0.101491	0.101491	0.984843	0	0.0151568	0.00024755
0.101349	0.101349	0.984865	0	0.0151349	0.000253897
0.101272	0.101272	0.984877	0	0.0151227	0.000260245
0.101196	0.101196	0.984889	0	0.0151104	0.000266592
0.10112	0.10112	0.984902	0	0.0150982	0.000272939
0.101043	0.101043	0.984914	0	0.015086	0.000279287
0.100967	0.100967	0.984926	0	0.0150737	0.000285634
0.100891	0.100891	0.984938	0	0.0150615	0.000291982
0.100814	0.100814	0.98495	0	0.0150492	0.000298329
0.100738	0.100738	0.984963	0	0.015037	0.000304677
0.100662	0.100662	0.984975	0	0.0150247	0.000311024
0.100586	0.100586	0.984987	0	0.0150125	0.000317372
0.100509	0.100509	0.984999	0	0.0150003	0.000323719
0.100445	0.100445	0.98501	0	0.0149897	0.000330066
0.100423	0.100423	0.985014	0	0.0149853	0.000336414
0.100402	0.100402	0.985019	0	0.014981	0.000342761
0.100381	0.100381	0.985023	0	0.0149767	0.000349109
0.10036	0.10036	0.985027	0	0.0149723	0.000355456
0.100339	0.100339	0.985032	0	0.014968	0.000361804
0.100318	0.100318	0.985036	0	0.0149636	0.000368151
0.100296	0.100296	0.98504	0	0.0149593	0.000374498
0.100275	0.100275	0.985045	0	0.0149549	0.000380846
0.100254	0.100254	0.985049	0	0.0149506	0.000387193
0.100233	0.100233	0.985053	0	0.0149463	0.000393541
0.100212	0.100212	0.985058	0	0.0149419	0.000399888
0.100207	0.100207	0.98506	0	0.01494	0.000406236
0.100252	0.100252	0.985055	0	0.0149448	0.000412583
0.100296	0.100296	0.98505	0	0.0149497	0.00041893
0.10034	0.10034	0.985045	0	0.0149546	0.000425278
0.100385	0.100385	0.98504	0	0.0149594	0.000431625
0.100429	0.100429	0.985035	0	0.0149643	0.000437973
0.100474	0.100474	0.985031	0	0.0149692	0.00044432
0.100518	0.100518	0.985026	0	0.0149741	0.000450668
0.100562	0.100562	0.985021	0	0.0149789	0.000457015
0.100607	0.100607	0.985016	0	0.0149838	0.000463362
0.100651	0.100651	0.985011	0	0.0149887	0.00046971
0.100695	0.100695	0.985006	0	0.0149935	0.000476057
0.10074	0.10074	0.985002	0	0.0149984	0.000482405
0.100784	0.100784	0.984997	0	0.0150033	0.000488752
0.100828	0.100828	0.984992	0	0.0150082	0.0004951
0.100873	0.100873	0.984987	0	0.015013	0.000501447
0.100917	0.100917	0.984982	0	0.0150179	0.000507794
0.100961	0.100961	0.984977	0	0.0150228	0.000514142
0.101006	0.101006	0.984972	0	0.0150276	0.000520489
0.10105	0.10105	0.984968	0	0.0150325	0.000526837
0.101094	0.101094	0.984963	0	0.0150374	0.000533184
0.101138	0.101138	0.984958	0	0.0150422	0.000539532
0.101123	0.101123	0.984963	0	0.0150374	0.000545879
0.101108	0.101108	0.984968	0	0.0150326	0.000552226
0.101093	0.101093	0.984972	0	0.0150279	0.000558574
0.101078	0.101078	0.984977	0	0.0150231	0.000564921
0.101064	0.101064	0.984982	0	0.0150183	0.000571269
0.101049	0.101049	0.984987	0	0.0150136	0.000577616
0.101034	0.101034	0.984992	0	0.0150088	0.000583964
0.101019	0.101019	0.984996	0	0.0150041	0.000590311
0.101004	0.101004	0.985001	0	0.0149993	0.000596658
0.100989	0.100989	0.985006	0	0.0149945	0.000603006
0.100974	0.100974	0.985011	0	0.0149898	0.000609353
0.10096	0.10096	0.985015	0	0.014985	0.000615701
0.100945	0.100945	0.98502	0	0.0149802	0.000622048
0.10093	0.10093	0.985025	0	0.0149755	0.000628396
0.100915	0.100915	0.98503	0	0.0149707	0.000634743
0.1009	0.1009	0.985035	0	0.014966	0.00064109
0.100885	0.100885	0.985039	0	0.0149612	0.000647438
0.100875	0.100875	0.985044	0	0.0149569	0.000653785
0.10088	0.10088	0.985046	0	0.0149543	0.000660133
0.100884	0.100884	0.985049	0	0.0149516	0.00066648
0.100889	0.100889	0.985052	0	0.0149489	0.000672828
0.100893	0.100893	0.985054	0	0.0149462	0.000679175
0.100898	0.100898	0.985057	0	0.0149435	0.000685522
0.100902	0.100902	0.985059	0	0.0149408	0.00069187
0.100907	0.100907	0.985062	0	0.0149382	0.000698217
0.100911	0.100911	0.985065	0	0.0149355	0.000704565
0.100916	0.100916	0.985067	0	0.0149328	0.000710912
0.10092	0.10092	0.98507	0	0.0149301	0.00071726
0.100925	0.100925	0.985073	0	0.0149274	0.000723607
0.100929	0.100929	0.985075	0	0.0149247	0.000729954
0.100934	0.100934	0.985078	0	0.014922	0.000736302
0.100938	0.100938	0.985081	0	0.0149194	0.000742649
0.100943	0.100943	0.985083	0	0.0149167	0.000748997
0.100947	0.100947	0.985086	0	0.014914	0.000755344
0.100952	0.100952	0.985089	0	0.0149113	0.000761692
0.10096	0.10096	0.985091	0	0.0149087	0.000768039
0.100972	0.100972	0.985094	0	0.0149062	0.000774386
0.100983	0.100983	0.985096	0	0.0149037	0.000780734
0.100995	0.100995	0.985099	0	0.0149012	0.000787081
0.101007	0.101007	0.985101	0	0.0148987	0.000793429
0.101019	0.101019	0.985104	0	0.0148962	0.000799776
0.101031	0.101031	0.985106	0	0.0148937	0.000806124
0.101043	0.101043	0.985109	0	0.0148912	0.000812471
0.101055	0.101055	0.985111	0	0.0148887	0.000818818
0.101067	0.101067	0.985114	0	0.0148862	0.000825166
0.101079	0.101079	0.985116	0	0.0148837	0.000831513
0.101091	0.101091	0.985119	0	0.0148812	0.000837861
0.101103	0.101103	0.985121	0	0.0148787	0.000844208
0.101114	0.101114	0.985124	0	0.0148762	0.000850556
0.101126	0.101126	0.985126	0	0.0148737	0.000856903
0.101138	0.101138	0.985129	0	0.0148712	0.00086325
0.10115	0.10115	0.985131	0	0.0148686	0.000869598
0.101162	0.101162	0.985134	0	0.0148661	0.000875945
0.101174	0.101174	0.985136	0	0.0148636	0.000882293
0.101186	0.101186	0.985139	0	0.0148611	0.00088864
0.101198	0.101198	0.985141	0	0.0148586	0.000894988
0.10121	0.10121	0.985144	0	0.0148561	0.000901335
0.10123	0.10123	0.985146	0	0.0148543	0.000907682
0.101256	0.101256	0.985147	0	0.0148529	0.00091403
0.101282	0.101282	0.985148	0	0.0148516	0.000920377
0.101309	0.101309	0.98515	0	0.0148502	0.000926725
0.101335	0.101335	0.985151	0	0.0148489	0.000933072
0.101362	0.101362	0.985152	0	0.0148476	0.00093942
0.101388	0.101388	0.985154	0	0.0148462	0.000945767
0.101415	0.101415	0.985155	0	0.0148449	0.000952114
0.101441	0.101441	0.985156	0	0.0148435	0.000958462
0.101468	0.101468	0.985158	0	0.0148422	0.000964809
0.101494	0.101494	0.985159	0	0.0148409	0.000971157
0.101521	0.101521	0.98516	0	0.0148395	0.000977504
0.101547	0.101547	0.985162	0	0.0148382	0.000983852
0.101573	0.101573	0.985163	0	0.0148368	0.000990199
0.1016	0.1016	0.985164	0	0.0148355	0.000996546
0.101626	0.101626	0.985166	0	0.0148342	0.00100289
0.101653	0.101653	0.985167	0	0.0148328	0.00100924
0.101679	0.101679	0.985168	0	0.0148315	0.00101559
0.101706	0.101706	0.98517	0	0.0148301	0.00102194
0.101732	0.101732	0.985171	0	0.0148288	0.00102828
0.101759	0.101759	0.985172	0	0.0148274	0.00103463
0.101785	0.101785	0.985174	0	0.0148261	0.00104098
0.10178	0.10178	0.98518	0	0.0148195	0.00104733
0.101756	0.101756	0.98519	0	0.0148097	0.00105367
0.101732	0.101732	0.9852	0	0.0147999	0.00106002
0.101707	0.101707	0.98521	0	0.0147902	0.00106637
0.101683	0.101683	0.985219	0	0.0147804	0.00107272
0.101659	0.101659	0.985229	0	0.0147706	0.00107906
0.101635	0.101635	0.985239	0	0.0147608	0.00108541
0.101611	0.101611	0.985249	0	0.014751	0.00109176
0.101586	0.101586	0.985259	0	0.0147413	0.00109811
0.101562	0.101562	0.985268	0	0.0147315	0.00110445
0.101538	0.101538	0.985278	0	0.0147217	0.0011108
0.101514	0.101514	0.985288	0	0.0147119	0.00111715
0.10149	0.10149	0.985298	0	0.0147021	0.0011235
0.101465	0.101465	0.985308	0	0.0146924	0.00112984
0.101441	0.101441	0.985317	0	0.0146826	0.00113619
0.101417	0.101417	0.985327	0	0.0146728	0.00114254
0.101393	0.101393	0.985337	0	0.014663	0.00114888
0.101369	0.101369	0.985347	0	0.0146532	0.00115523
0.101345	0.101345	0.985357	0	0.0146435	0.00116158
0.101357	0.101357	0.985361	0	0.0146387	0.00116793
0.101398	0.101398	0.985362	0	0.0146379	0.00117427
0.101439	0.101439	0.985363	0	0.014637	0.00118062
0.10148	0.10148	0.985364	0	0.0146361	0.00118697
0.101521	0.101521	0.985365	0	0.0146353	0.00119332
0.101562	0.101562	0.985366	0	0.0146344	0.00119966
0.101603	0.101603	0.985367	0	0.0146336	0.00120601
0.101644	0.101644	0.985367	0	0.0146327	0.00121236
0.101685	0.101685	0.985368	0	0.0146318	0.00121871
0.101726	0.101726	0.985369	0	0.014631	0.00122505
0.101767	0.101767	0.98537	0	0.0146301	0.0012314
0.101808	0.101808	0.985371	0	0.0146292	0.00123775
0.101849	0.101849	0.985372	0	0.0146284	0.0012441
0.10189	0.10189	0.985372	0	0.0146275	0.00125044
0.101931	0.101931	0.985373	0	0.0146267	0.00125679
0.101972	0.101972	0.985374	0	0.0146258	0.00126314
0.102013	0.102013	0.985375	0	0.0146249	0.00126949
0.102054	0.102054	0.985376	0	0.0146241	0.00127583
0.102095	0.102095	0.985377	0	0.0146232	0.00128218
0.102121	0.102121	0.98538	0	0.0146198	0.00128853
0.102134	0.102134	0.985386	0	0.0146139	0.00129488
0.102146	0.102146	0.985392	0	0.014608	0.00130122
0.102158	0.102158	0.985398	0	0.0146021	0.00130757
0.102171	0.102171	0.985404	0	0.0145962	0.00131392
0.102183	0.102183	0.98541	0	0.0145902	0.00132027
0.102195	0.102195	0.985416	0	0.0145843	0.00132661
0.102208	0.102208	0.985421	0	0.0145784	0.00133296
0.10222	0.10222	0.985427	0	0.0145725	0.00133931
0.102232	0.102232	0.985433	0	0.0145666	0.00134566
0.102245	0.102245	0.985439	0	0.0145607	0.001352
0.102257	0.102257	0.985445	0	0.0145547	0.00135835
0.102269	0.102269	0.985451	0	0.0145488	0.0013647
0.102282	0.102282	0.985457	0	0.0145429	0.00137104
0.102294	0.102294	0.985463	0	0.014537	0.00137739
0.102306	0.102306	0.985469	0	0.0145311	0.00138374
0.102319	0.102319	0.985475	0	0.0145252	0.00139009
0.102331	0.102331	0.985481	0	0.0145193	0.00139643
0.102343	0.102343	0.985486	0	0.0145133	0.00140278
0.102356	0.102356	0.985492	0	0.0145074	0.00140913
0.102368	0.102368	0.985498	0	0.0145015	0.00141548
0.10238	0.10238	0.985504	0	0.0144956	0.00142182
0.102393	0.102393	0.98551	0	0.0144897	0.00142817
0.102406	0.102406	0.985516	0	0.0144839	0.00143452
0.102406	0.102406	0.985524	0	0.0144754	0.00144087
0.102408	0.102408	0.985533	0	0.0144672	0.00144721
0.102409	0.102409	0.985541	0	0.0144589	0.00145356
0.10241	0.10241	0.985549	0	0.0144506	0.00145991
0.102411	0.102411	0.985557	0	0.0144423	0.00146626
0.102413	0.102413	0.985566	0	0.014434	0.0014726
0.102414	0.102414	0.985574	0	0.0144257	0.00147895
0.102415	0.102415	0.985582	0	0.0144174	0.0014853
0.102417	0.102417	0.985591	0	0.0144091	0.00149165
0.102418	0.102418	0.985599	0	0.0144008	0.00149799
0.102419	0.102419	0.985607	0	0.0143925	0.00150434
0.10242	0.10242	0.985615	0	0.0143842	0.00151069
0.102422	0.102422	0.985624	0	0.0143759	0.00151704
0.102423	0.102423	0.985632	0	0.0143676	0.00152338
0.102424	0.102424	0.98564	0	0.0143593	0.00152973
0.102426	0.102426	0.985648	0	0.014351	0.00153608
0.102427	0.102427	0.985657	0	0.0143427	0.00154243
0.102428	0.102428	0.985665	0	0.0143344	0.00154877
0.102429	0.102429	0.985673	0	0.0143261	0.00155512
0.102431	0.102431	0.985682	0	0.0143178	0.00156147
0.102432	0.102432	0.98569	0	0.0143095	0.00156782
0.102399	0.102399	0.985703	0	0.0142959	0.00157416
0.102267	0.102267	0.985732	0	0.0142672	0.00158051
0.102134	0.102134	0.985761	0	0.0142384	0.00158686
0.102002	0.102002	0.98579	0	0.0142096	0.0015932
0.101869	0.101869	0.985819	0	0.0141808	0.00159955
0.101737	0.101737	0.985848	0	0.014152	0.0016059
0.101604	0.101604	0.985877	0	0.0141232	0.00161225
0.101472	0.101472	0.985905	0	0.0140944	0.00161859
0.101339	0.101339	0.985934	0	0.0140656	0.00162494
0.101207	0.101207	0.985963	0	0.0140369	0.00163129
0.101074	0.101074	0.985992	0	0.0140081	0.00163764
0.100942	0.100942	0.986021	0	0.0139793	0.00164398
0.100809	0.100809	0.98605	0	0.0139505	0.00165033
0.100677	0.100677	0.986079	0	0.0139217	0.00165668
0.100544	0.100544	0.986107	0	0.0138929	0.00166303
0.100644	0.100644	0.986102	0	0.0138985	0.00166937
0.100748	0.100748	0.986096	0	0.0139046	0.00167572
0.100851	0.100851	0.98609	0	0.0139108	0.00168207
0.100955	0.100955	0.986083	0	0.0139169	0.00168842
0.101059	0.101059	0.986077	0	0.0139231	0.00169476
0.101162	0.101162	0.986071	0	0.0139293	0.00170111
0.101266	0.101266	0.986065	0	0.0139354	0.00170746
0.10137	0.10137	0.986059	0	0.0139416	0.00171381
0.101473	0.101473	0.986053	0	0.0139478	0.00172015
0.101577	0.101577	0.986046	0	0.0139539	0.0017265
0.101681	0.101681	0.98604	0	0.0139601	0.00173285
0.101784	0.101784	0.986034	0	0.0139663	0.0017392
0.101888	0.101888	0.986028	0	0.0139724	0.00174554
0.101992	0.101992	0.986022	0	0.0139786	0.00175189
0.10199	0.10199	0.986032	0	0.0139688	0.00175824
0.101944	0.101944	0.986048	0	0.0139523	0.00176459
0.101899	0.101899	0.986064	0	0.0139359	0.00177093
0.101853	0.101853	0.986081	0	0.0139195	0.00177728
0.101807	0.101807	0.986097	0	0.013903	0.00178363
0.101762	0.101762	0.986114	0	0.0138866	0.00178998
0.101716	0.101716	0.98613	0	0.0138702	0.00179632
0.10167	0.10167	0.986146	0	0.0138537	0.00180267
0.101625	0.101625	0.986163	0	0.0138373	0.00180902
0.101596	0.101596	0.986177	0	0.0138232	0.00181536
0.101635	0.101635	0.986181	0	0.0138192	0.00182171
0.101675	0.101675	0.986185	0	0.0138153	0.00182806
0.101714	0.101714	0.986189	0	0.0138113	0.00183441
0.101753	0.101753	0.986193	0	0.0138073	0.00184075
0.101793	0.101793	0.986197	0	0.0138033	0.0018471
0.101832	0.101832	0.986201	0	0.0137993	0.00185345
0.101872	0.101872	0.986205	0	0.0137953	0.0018598
0.101911	0.101911	0.986209	0	0.0137913	0.00186614
0.101951	0.101951	0.986213	0	0.0137873	0.00187249
0.10199	0.10199	0.986217	0	0.0137833	0.00187884
0.10203	0.10203	0.986221	0	0.0137793	0.00188519
0.102069	0.102069	0.986225	0	0.0137753	0.00189153
0.102109	0.102109	0.986229	0	0.0137714	0.00189788
0.102148	0.102148	0.986233	0	0.0137674	0.00190423
0.102188	0.102188	0.986237	0	0.0137634	0.00191058
0.102227	0.102227	0.986241	0	0.0137594	0.00191692
0.102198	0.102198	0.986255	0	0.0137449	0.00192327
0.102159	0.102159	0.986271	0	0.0137289	0.00192962
0.102121	0.102121	0.986287	0	0.0137129	0.00193597
0.102082	0.102082	0.986303	0	0.013697	0.00194231
0.102043	0.102043	0.986319	0	0.013681	0.00194866
0.102004	0.102004	0.986335	0	0.013665	0.00195501
0.101966	0.101966	0.986351	0	0.0136491	0.00196136
0.101927	0.101927	0.986367	0	0.0136331	0.0019677
0.101888	0.101888	0.986383	0	0.0136171	0.00197405
0.10185	0.10185	0.986399	0	0.0136012	0.0019804
0.101811	0.101811	0.986415	0	0.0135852	0.00198675
0.101772	0.101772	0.986431	0	0.0135692	0.00199309
0.101733	0.101733	0.986447	0	0.0135533	0.00199944
0.101706	0.101706	0.986462	0	0.013539	0.00200579
0.101723	0.101723	0.98647	0	0.0135311	0.00201214
0.101739	0.101739	0.986477	0	0.0135231	0.00201848
0.101755	0.101755	0.986485	0	0.0135152	0.00202483
0.101771	0.101771	0.986493	0	0.0135073	0.00203118
0.101787	0.101787	0.986501	0	0.0134993	0.00203752
0.101803	0.101803	0.986509	0	0.0134914	0.00204387
0.101819	0.101819	0.986517	0	0.0134835	0.00205022
0.101835	0.101835	0.986525	0	0.0134755	0.00205657
0.101851	0.101851	0.986533	0	0.0134676	0.00206291
0.101867	0.101867	0.986541	0	0.0134597	0.00206926
0.101884	0.101884	0.986549	0	0.0134517	0.00207561
0.1019	0.1019	0.986557	0	0.0134438	0.00208196
0.101916	0.101916	0.986564	0	0.0134359	0.0020883
0.101941	0.101941	0.986571	0	0.0134292	0.00209465
0.101973	0.101973	0.986577	0	0.0134235	0.002101
0.102006	0.102006	0.986582	0	0.0134178	0.00210735
0.102038	0.102038	0.986588	0	0.0134121	0.00211369
0.102071	0.102071	0.986594	0	0.0134064	0.00212004
0.102103	0.102103	0.986599	0	0.0134007	0.00212639
0.102136	0.102136	0.986605	0	0.013395	0.00213274
0.102168	0.102168	0.986611	0	0.0133893	0.00213908
0.102201	0.102201	0.986616	0	0.0133836	0.00214543
0.102233	0.102233	0.986622	0	0.0133779	0.00215178
0.102266	0.102266	0.986627	0	0.0133722	0.00215813
0.102298	0.102298	0.986633	0	0.0133666	0.00216447
0.102331	0.102331	0.986639	0	0.0133609	0.00217082
0.102363	0.102363	0.986644	0	0.0133552	0.00217717
0.102364	0.102364	0.986655	0	0.0133446	0.00218352
0.102361	0.102361	0.986666	0	0.0133335	0.00218986
0.102357	0.102357	0.986677	0	0.0133223	0.00219621
0.102354	0.102354	0.986688	0	0.0133111	0.00220256
0.102351	0.102351	0.9867	0	0.0132999	0.00220891
0.102347	0.102347	0.986711	0	0.0132888	0.00221525
0.102344	0.102344	0.986722	0	0.0132776	0.0022216
0.10234	0.10234	0.986733	0	0.0132664	0.00222795
0.102337	0.102337	0.986744	0	0.0132552	0.0022343
0.102334	0.102334	0.986756	0	0.0132441	0.00224064
0.10233	0.10233	0.986767	0	0.0132329	0.00224699
0.102327	0.102327	0.986778	0	0.0132217	0.00225334
0.102324	0.102324	0.986789	0	0.0132106	0.00225968
0.102324	0.102324	0.9868	0	0.0131999	0.00226603
0.102337	0.102337	0.986809	0	0.0131911	0.00227238
0.102351	0.102351	0.986818	0	0.0131822	0.00227873
0.102364	0.102364	0.986826	0	0.0131734	0.00228507
0.102378	0.102378	0.986835	0	0.0131646	0.00229142
0.102391	0.102391	0.986844	0	0.0131557	0.00229777
0.102405	0.102405	0.986853	0	0.0131469	0.00230412
0.102418	0.102418	0.986862	0	0.013138	0.00231046
0.102432	0.102432	0.986871	0	0.0131292	0.00231681
0.102445	0.102445	0.986879	0	0.0131204	0.00232316
0.102459	0.102459	0.986888	0	0.0131115	0.00232951
0.102473	0.102473	0.986897	0	0.0131027	0.00233585
0.102486	0.102486	0.986906	0	0.0130939	0.0023422
0.1025	0.1025	0.986915	0	0.013085	0.00234855
0.102513	0.102513	0.986924	0	0.0130762	0.0023549
0.102527	0.102527	0.986933	0	0.0130674	0.00236124
0.10254	0.10254	0.986941	0	0.0130585	0.00236759
0.102554	0.102554	0.98695	0	0.0130497	0.00237394
0.102567	0.102567	0.986959	0	0.0130409	0.00238029
0.102555	0.102555	0.986972	0	0.0130282	0.00238663
0.102544	0.102544	0.986984	0	0.0130155	0.00239298
0.102532	0.102532	0.986997	0	0.0130028	0.00239933
0.10252	0.10252	0.98701	0	0.0129901	0.00240568
0.102509	0.102509	0.987023	0	0.0129774	0.00241202
0.102497	0.102497	0.987035	0	0.0129648	0.00241837
0.102485	0.102485	0.987048	0	0.0129521	0.00242472
0.102474	0.102474	0.987061	0	0.0129394	0.00243107
0.102462	0.102462	0.987073	0	0.0129267	0.00243741
0.10245	0.10245	0.987086	0	0.012914	0.00244376
0.102439	0.102439	0.987099	0	0.0129014	0.00245011
0.102427	0.102427	0.987111	0	0.0128887	0.00245646
0.102415	0.102415	0.987124	0	0.012876	0.0024628
0.102404	0.102404	0.987137	0	0.0128633	0.00246915
0.102392	0.102392	0.987149	0	0.0128506	0.0024755
0.10238	0.10238	0.987162	0	0.012838	0.00248185
0.102369	0.102369	0.987175	0	0.0128253	0.00248819
0.102357	0.102357	0.987188	0	0.0128126	0.00249454
0.102345	0.102345	0.9872	0	0.0127999	0.00250089
0.102334	0.102334	0.987213	0	0.0127872	0.00250723
0.102322	0.102322	0.987226	0	0.0127745	0.00251358
0.102311	0.102311	0.987238	0	0.012762	0.00251993
0.102302	0.102302	0.987251	0	0.0127496	0.00252628
0.102292	0.102292	0.987263	0	0.0127371	0.00253262
0.102282	0.102282	0.987275	0	0.0127247	0.00253897
0.102273	0.102273	0.987288	0	0.0127123	0.00254532
0.102263	0.102263	0.9873	0	0.0126998	0.00255167
0.102253	0.102253	0.987313	0	0.0126874	0.00255801
0.102244	0.102244	0.987325	0	0.0126749	0.00256436
0.102234	0.102234	0.987337	0	0.0126625	0.00257071
0.102224	0.102224	0.98735	0	0.0126501	0.00257706
0.102215	0.102215	0.987362	0	0.0126376	0.0025834
0.102205	0.102205	0.987375	0	0.0126252	0.00258975
0.102195	0.102195	0.987387	0	0.0126128	0.0025961
0.102186	0.102186	0.9874	0	0.0126003	0.00260245
0.102176	0.102176	0.987412	0	0.0125879	0.00260879
0.102166	0.102166	0.987424	0	0.0125754	0.00261514
0.102157	0.102157	0.987437	0	0.012563	0.00262149
0.102147	0.102147	0.987449	0	0.0125506	0.00262784
0.102138	0.102138	0.987462	0	0.0125381	0.00263418
0.102128	0.102128	0.987474	0	0.0125257	0.00264053
0.102118	0.102118	0.987486	0	0.0125132	0.00264688
0.10211	0.10211	0.986735	0.000850394	0.0124139	0.00265323
0.102113	0.102113	0.98173	0.00643946	0.0118302	0.00265957
0.102116	0.102116	0.976725	0.0120285	0.0112466	0.00266592
0.102119	0.102119	0.971719	0.0176176	0.0106629	0.00267227
0.102122	0.102122	0.966714	0.0232067	0.0100793	0.00267862
0.102125	0.102125	0.961708	0.0287957	0.00949561	0.00268496
0.102128	0.102128	0.956703	0.0343848	0.00891195	0.00269131
0.10213	0.10213	0.951698	0.0399739	0.00832829	0.00269766
0.102133	0.102133	0.946692	0.0455629	0.00774463	0.00270401
0.102136	0.102136	0.941687	0.051152	0.00716097	0.00271035
0.102139	0.102139	0.936681	0.0567411	0.00657732	0.0027167
0.102142	0.102142	0.931676	0.0623301	0.00599366	0.00272305
0.102145	0.102145	0.926671	0.0679192	0.00541	0.00272939
0.102147	0.102147	0.921665	0.0735083	0.00482634	0.00273574
0.10215	0.10215	0.91666	0.0790973	0.00424268	0.00274209
0.102153	0.102153	0.911654	0.0846864	0.00365903	0.00274844
0.102156	0.102156	0.906649	0.0902755	0.00307537	0.00275478
0.102159	0.102159	0.901644	0.0958645	0.00249171	0.00276113
0.102162	0.102162	0.896638	0.101454	0.00190805	0.00276748
0.102165	0.102165	0.891633	0.107043	0.0013244	0.00277383
0.102167	0.102167	0.886627	0.112632	0.000740737	0.00278017
0.10217	0.10217	0.881622	0.118221	0.000157079	0.00278652
0.102174	0.102174	0.879919	0.120081	0	0.00279287
0.102178	0.102178	0.879432	0.120568	0	0.00279922
0.102182	0.102182	0.878944	0.121056	0	0.00280556
0.102186	0.102186	0.878457	0.121543	0	0.00281191
0.10219	0.10219	0.87797	0.12203	0	0.00281826
0.102194	0.102194	0.877483	0.122517	0	0.00282461
0.102199	0.102199	0.876995	0.123005	0	0.00283095
0.102203	0.102203	0.876508	0.123492	0	0.0028373
0.102207	0.102207	0.876021	0.123979	0	0.00284365
0.102211	0.102211	0.875533	0.124467	0	0.00285
0.102215	0.102215	0.875046	0.124954	0	0.00285634
0.102219	0.102219	0.874559	0.125441	0	0.00286269
0.102223	0.102223	0.874072	0.125928	0	0.00286904
0.102227	0.102227	0.873584	0.126416	0	0.00287539
0.102231	0.102231	0.873097	0.126903	0	0.00288173
0.102235	0.102235	0.87261	0.12739	0	0.00288808
0.102239	0.102239	0.872123	0.127877	0	0.00289443
0.102244	0.102244	0.871635	0.128365	0	0.00290078
0.102248	0.102248	0.871148	0.128852	0	0.00290712
0.102252	0.102252	0.870661	0.129339	0	0.00291347
0.102256	0.102256	0.870174	0.129826	0	0.00291982
0.10226	0.10226	0.869686	0.130314	0	0.00292617
0.102264	0.102264	0.869199	0.130801	0	0.00293251
0.102268	0.102268	0.868712	0.131288	0	0.00293886
0.102268	0.102268	0.868226	0.131774	0	0.00294521
0.102259	0.102259	0.867745	0.132255	0	0.00295155
0.10225	0.10225	0.867264	0.132736	0	0.0029579
0.102241	0.102241	0.866782	0.133217	0	0.00296425
0.102231	0.102231	0.866301	0.133699	0	0.0029706
0.102222	0.102222	0.86582	0.13418	0	0.00297694
0.102213	0.102213	0.865339	0.134661	0	0.00298329
0.102204	0.102204	0.864857	0.135143	0	0.00298964
0.102195	0.102195	0.864376	0.135624	0	0.00299599
0.102185	0.102185	0.863895	0.136105	0	0.00300233
0.102176	0.102176	0.863414	0.136586	0	0.00300868
0.102167	0.102167	0.862932	0.137068	0	0.00301503
0.102158	0.102158	0.862451	0.137549	0	0.00302138
0.102149	0.102149	0.86197	0.13803	0	0.00302772
0.10214	0.10214	0.861487	0.138513	0	0.00303407
0.102138	0.102138	0.86099	0.13901	0	0.00304042
0.102136	0.102136	0.860492	0.139508	0	0.00304677
0.102134	0.102134	0.859994	0.140006	0	0.00305311
0.102132	0.102132	0.859496	0.140504	0	0.00305946
0.10213	0.10213	0.858998	0.141002	0	0.00306581
0.102128	0.102128	0.858501	0.141499	0	0.00307216
0.102126	0.102126	0.858003	0.141997	0	0.0030785
0.102124	0.102124	0.857505	0.142495	0	0.00308485
0.102122	0.102122	0.857007	0.142993	0	0.0030912
0.10212	0.10212	0.856509	0.143491	0	0.00309755
0.102118	0.102118	0.856012	0.143988	0	0.00310389
0.102116	0.102116	0.855514	0.144486	0	0.00311024
0.102114	0.102114	0.855016	0.144984	0	0.00311659
0.102112	0.102112	0.854518	0.145482	0	0.00312294
0.102107	0.102107	0.85402	0.14598	0	0.00312928
0.102101	0.102101	0.853522	0.146478	0	0.00313563
0.102095	0.102095	0.853024	0.146976	0	0.00314198
0.102089	0.102089	0.852525	0.147475	0	0.00314833
0.102082	0.102082	0.852027	0.147973	0	0.00315467
0.102076	0.102076	0.851529	0.148471	0	0.00316102
0.10207	0.10207	0.851031	0.148969	0	0.00316737
0.102064	0.102064	0.850533	0.149467	0	0.00317371
0.102058	0.102058	0.850034	0.149966	0	0.00318006
0.102052	0.102052	0.849536	0.150464	0	0.00318641
0.102046	0.102046	0.849038	0.150962	0	0.00319276
0.10204	0.10204	0.84854	0.15146	0	0.0031991
0.102034	0.102034	0.848042	0.151958	0	0.00320545
0.102027	0.102027	0.847543	0.152457	0	0.0032118
0.10202	0.10202	0.847046	0.152954	0	0.00321815
0.102012	0.102012	0.846548	0.153452	0	0.00322449
0.102004	0.102004	0.846051	0.153949	0	0.00323084
0.101996	0.101996	0.845554	0.154446	0	0.00323719
0.101988	0.101988	0.845057	0.154943	0	0.00324354
0.10198	0.10198	0.84456	0.15544	0	0.00324988
0.101972	0.101972	0.844062	0.155938	0	0.00325623
0.101964	0.101964	0.843565	0.156435	0	0.00326258
0.101956	0.101956	0.843068	0.156932	0	0.00326893
0.101948	0.101948	0.842571	0.157429	0	0.00327527
0.101939	0.101939	0.842074	0.157926	0	0.00328162
0.101931	0.101931	0.841576	0.158424	0	0.00328797
0.101923	0.101923	0.841079	0.158921	0	0.00329432
0.101915	0.101915	0.840582	0.159418	0	0.00330066
0.101912	0.101912	0.840074	0.159926	0	0.00330701
0.101918	0.101918	0.839546	0.160454	0	0.00331336
0.101924	0.101924	0.839017	0.160983	0	0.00331971
0.10193	0.10193	0.838489	0.161511	0	0.00332605
0.101935	0.101935	0.837961	0.162039	0	0.0033324
0.101941	0.101941	0.837433	0.162567	0	0.00333875
0.101947	0.101947	0.836905	0.163095	0	0.0033451
0.101953	0.101953	0.836377	0.163623	0	0.00335144
0.101959	0.101959	0.835849	0.164151	0	0.00335779
0.101964	0.101964	0.83532	0.16468	0	0.00336414
0.10197	0.10197	0.834792	0.165208	0	0.00337049
0.101976	0.101976	0.834264	0.165736	0	0.00337683
0.101982	0.101982	0.833736	0.166264	0	0.00338318
0.101988	0.101988	0.833208	0.166792	0	0.00338953
0.101994	0.101994	0.83268	0.16732	0	0.00339587
0.101999	0.101999	0.832153	0.167847	0	0.00340222
0.101994	0.101994	0.831648	0.168352	0	0.00340857
0.101989	0.101989	0.831144	0.168856	0	0.00341492
0.101984	0.101984	0.830639	0.169361	0	0.00342126
0.101979	0.101979	0.830135	0.169865	0	0.00342761
0.101974	0.101974	0.82963	0.17037	0	0.00343396
0.101969	0.101969	0.829126	0.170874	0	0.00344031
0.101964	0.101964	0.828621	0.171379	0	0.00344665
0.101959	0.101959	0.828117	0.171883	0	0.003453
0.101955	0.101955	0.827612	0.172388	0	0.00345935
0.10195	0.10195	0.827107	0.172892	0	0.0034657
0.101945	0.101945	0.826603	0.173397	0	0.00347204
0.10194	0.10194	0.826098	0.173902	0	0.00347839
0.101935	0.101935	0.825594	0.174406	0	0.00348474
0.10193	0.10193	0.825089	0.174911	0	0.00349109
0.101925	0.101925	0.824585	0.175415	0	0.00349743
0.101918	0.101918	0.82409	0.17591	0	0.00350378
0.101909	0.101909	0.823597	0.176403	0	0.00351013
0.101901	0.101901	0.823105	0.176895	0	0.00351648
0.101892	0.101892	0.822613	0.177387	0	0.00352282
0.101884	0.101884	0.82212	0.17788	0	0.00352917
0.101876	0.101876	0.821628	0.178372	0	0.00353552
0.101867	0.101867	0.821136	0.178864	0	0.00354187
0.101859	0.101859	0.820643	0.179357	0	0.00354821
0.101851	0.101851	0.820151	0.179849	0	0.00355456
0.101842	0.101842	0.819659	0.180341	0	0.00356091
0.101834	0.101834	0.819166	0.180834	0	0.00356726
0.101829	0.101829	0.818667	0.181333	0	0.0035736
0.10184	0.10184	0.818131	0.181869	0	0.00357995
0.101852	0.101852	0.817595	0.182405	0	0.0035863
0.101863	0.101863	0.81706	0.18294	0	0.00359265
0.101874	0.101874	0.816524	0.183476	0	0.00359899
0.101886	0.101886	0.815989	0.184011	0	0.00360534
0.101897	0.101897	0.815453	0.184547	0	0.00361169
0.101909	0.101909	0.814917	0.185083	0	0.00361803
0.10192	0.10192	0.814382	0.185618	0	0.00362438
0.101931	0.101931	0.813846	0.186154	0	0.00363073
0.101943	0.101943	0.813311	0.186689	0	0.00363708
0.101954	0.101954	0.812775	0.187225	0	0.00364342
0.101959	0.101959	0.812253	0.187747	0	0.00364977
0.10196	0.10196	0.81174	0.18826	0	0.00365612
0.10196	0.10196	0.811228	0.188772	0	0.00366247
0.101961	0.101961	0.810715	0.189285	0	0.00366881
0.101961	0.101961	0.810203	0.189797	0	0.00367516
0.101962	0.101962	0.809691	0.190309	0	0.00368151
0.101962	0.101962	0.809178	0.190822	0	0.00368786
0.101963	0.101963	0.808666	0.191334	0	0.0036942
0.101963	0.101963	0.808153	0.191847	0	0.00370055
0.101964	0.101964	0.807641	0.192359	0	0.0037069
0.101964	0.101964	0.807128	0.192872	0	0.00371325
0.101965	0.101965	0.806616	0.193384	0	0.00371959
0.101964	0.101964	0.806108	0.193892	0	0.00372594
0.101962	0.101962	0.805601	0.194399	0	0.00373229
0.101961	0.101961	0.805094	0.194906	0	0.00373864
0.101959	0.101959	0.804586	0.195414	0	0.00374498
0.101958	0.101958	0.804079	0.195921	0	0.00375133
0.101957	0.101957	0.803571	0.196429	0	0.00375768
0.101955	0.101955	0.803064	0.196936	0	0.00376403
0.101954	0.101954	0.802556	0.197444	0	0.00377037
0.101953	0.101953	0.802049	0.197951	0	0.00377672
0.101951	0.101951	0.801541	0.198459	0	0.00378307
0.10195	0.10195	0.801034	0.198966	0	0.00378942
0.101948	0.101948	0.800527	0.199473	0	0.00379576
0.101947	0.101947	0.800019	0.199981	0	0.00380211
0.101946	0.101946	0.799512	0.200488	0	0.00380846
0.101944	0.101944	0.799004	0.200996	0	0.00381481
0.101943	0.101943	0.798497	0.201503	0	0.00382115
0.101941	0.101941	0.797989	0.202011	0	0.0038275
0.10194	0.10194	0.797482	0.202518	0	0.00383385
0.101939	0.101939	0.796974	0.203026	0	0.0038402
0.101937	0.101937	0.796467	0.203533	0	0.00384654
0.101936	0.101936	0.79596	0.20404	0	0.00385289
0.101934	0.101934	0.795452	0.204548	0	0.00385924
0.101933	0.101933	0.794945	0.205055	0	0.00386558
0.101932	0.101932	0.794437	0.205563	0	0.00387193
0.10193	0.10193	0.79393	0.20607	0	0.00387828
0.101929	0.101929	0.793422	0.206578	0	0.00388463
0.101927	0.101927	0.792915	0.207085	0	0.00389097
0.101921	0.101921	0.79242	0.20758	0	0.00389732
0.101913	0.101913	0.791932	0.208068	0	0.00390367
0.101904	0.101904	0.791443	0.208557	0	0.00391002
0.101896	0.101896	0.790955	0.209045	0	0.00391636
0.101887	0.101887	0.790466	0.209534	0	0.00392271
0.101879	0.101879	0.789978	0.210022	0	0.00392906
0.10187	0.10187	0.78949	0.21051	0	0.00393541
0.101862	0.101862	0.789001	0.210999	0	0.00394175
0.101853	0.101853	0.788513	0.211487	0	0.0039481
0.101845	0.101845	0.788025	0.211975	0	0.00395445
0.101836	0.101836	0.787536	0.212464	0	0.0039608
0.101828	0.101828	0.787048	0.212952	0	0.00396714
0.101819	0.101819	0.786559	0.213441	0	0.00397349
0.101811	0.101811	0.786071	0.213929	0	0.00397984
0.101802	0.101802	0.785583	0.214417	0	0.00398619
0.101794	0.101794	0.785094	0.214906	0	0.00399253
0.10179	0.10179	0.784596	0.215404	0	0.00399888
0.101787	0.101787	0.784097	0.215903	0	0.00400523
0.101784	0.101784	0.783598	0.216402	0	0.00401158
0.101781	0.101781	0.783098	0.216902	0	0.00401792
0.101778	0.101778	0.782599	0.217401	0	0.00402427
0.101775	0.101775	0.7821	0.2179	0	0.00403062
0.101772	0.101772	0.781601	0.218399	0	0.00403697
0.101769	0.101769	0.781102	0.218898	0	0.00404331
0.101766	0.101766	0.780602	0.219398	0	0.00404966
0.101763	0.101763	0.780103	0.219897	0	0.00405601
0.10176	0.10176	0.779604	0.220396	0	0.00406236
0.101757	0.101757	0.779105	0.220895	0	0.0040687
0.101754	0.101754	0.778606	0.221394	0	0.00407505
0.10175	0.10175	0.778107	0.221893	0	0.0040814
0.101747	0.101747	0.777607	0.222393	0	0.00408774
0.101745	0.101745	0.777106	0.222894	0	0.00409409
0.101748	0.101748	0.776595	0.223405	0	0.00410044
0.10175	0.10175	0.776084	0.223916	0	0.00410679
0.101752	0.101752	0.775573	0.224427	0	0.00411313
0.101754	0.101754	0.775062	0.224938	0	0.00411948
0.101756	0.101756	0.774551	0.225449	0	0.00412583
0.101758	0.101758	0.77404	0.22596	0	0.00413218
0.101761	0.101761	0.773529	0.226471	0	0.00413852
0.101763	0.101763	0.773018	0.226982	0	0.00414487
0.101765	0.101765	0.772507	0.227493	0	0.00415122
0.101767	0.101767	0.771996	0.228004	0	0.00415757
0.101769	0.101769	0.771485	0.228515	0	0.00416391
0.101771	0.101771	0.770974	0.229026	0	0.00417026
0.101774	0.101774	0.770463	0.229537	0	0.00417661
0.101776	0.101776	0.769952	0.230048	0	0.00418296
0.101778	0.101778	0.769441	0.230559	0	0.0041893
0.101779	0.101779	0.768937	0.231063	0	0.00419565
0.101778	0.101778	0.76844	0.231559	0	0.004202
0.101777	0.101777	0.767944	0.232056	0	0.00420835
0.101776	0.101776	0.767447	0.232553	0	0.00421469
0.101775	0.101775	0.76695	0.23305	0	0.00422104
0.101774	0.101774	0.766453	0.233547	0	0.00422739
0.101773	0.101773	0.765957	0.234043	0	0.00423374
0.101772	0.101772	0.76546	0.23454	0	0.00424008
0.101771	0.101771	0.764963	0.235037	0	0.00424643
0.10177	0.10177	0.764466	0.235534	0	0.00425278
0.10177	0.10177	0.763969	0.236031	0	0.00425913
0.101769	0.101769	0.763473	0.236527	0	0.00426547
0.101768	0.101768	0.762976	0.237024	0	0.00427182
0.101767	0.101767	0.762479	0.237521	0	0.00427817
0.101766	0.101766	0.761982	0.238018	0	0.00428452
0.101765	0.101765	0.761485	0.238515	0	0.00429086
0.101764	0.101764	0.760994	0.239006	0	0.00429721
0.101763	0.101763	0.760503	0.239497	0	0.00430356
0.101762	0.101762	0.760012	0.239988	0	0.0043099
0.101761	0.101761	0.75952	0.24048	0	0.00431625
0.10176	0.10176	0.759029	0.240971	0	0.0043226
0.101759	0.101759	0.758538	0.241462	0	0.00432895
0.101758	0.101758	0.758047	0.241953	0	0.00433529
0.101757	0.101757	0.757556	0.242444	0	0.00434164
0.101756	0.101756	0.757065	0.242935	0	0.00434799
0.101755	0.101755	0.756574	0.243426	0	0.00435434
0.101754	0.101754	0.756083	0.243917	0	0.00436068
0.101753	0.101753	0.755591	0.244409	0	0.00436703
0.101752	0.101752	0.7551	0.2449	0	0.00437338
0.101751	0.101751	0.754609	0.245391	0	0.00437973
0.10175	0.10175	0.754118	0.245882	0	0.00438607
0.101752	0.101752	0.753621	0.246379	0	0.00439242
0.101759	0.101759	0.753114	0.246886	0	0.00439877
0.101766	0.101766	0.752606	0.247394	0	0.00440512
0.101773	0.101773	0.752099	0.247901	0	0.00441146
0.101781	0.10178	0.751591	0.248409	0	0.00441781
0.101788	0.101788	0.751084	0.248916	0	0.00442416
0.101795	0.101795	0.750576	0.249424	0	0.00443051
0.101802	0.101802	0.750069	0.249931	0	0.00443685
0.101809	0.101809	0.749561	0.250439	0	0.0044432
0.101817	0.101817	0.749054	0.250946	0	0.00444955
0.101824	0.101824	0.748547	0.251453	0	0.0044559
0.101831	0.101831	0.748039	0.251961	0	0.00446224
0.101838	0.101838	0.747532	0.252468	0	0.00446859
0.101845	0.101845	0.747024	0.252976	0	0.00447494
0.101851	0.101851	0.746521	0.253479	0	0.00448129
0.101846	0.101846	0.746057	0.253943	0	0.00448763
0.10184	0.10184	0.745592	0.254408	0	0.00449398
0.101834	0.101834	0.745128	0.254872	0	0.00450033
0.101829	0.101829	0.744664	0.255336	0	0.00450668
0.101823	0.101823	0.744199	0.255801	0	0.00451302
0.101817	0.101817	0.743735	0.256265	0	0.00451937
0.101812	0.101812	0.743271	0.256729	0	0.00452572
0.101806	0.101806	0.742806	0.257194	0	0.00453206
0.1018	0.1018	0.742342	0.257658	0	0.00453841
0.101795	0.101795	0.741877	0.258123	0	0.00454476
0.101789	0.101789	0.741413	0.258587	0	0.00455111
0.101783	0.101783	0.740949	0.259051	0	0.00455745
0.101778	0.101778	0.740484	0.259516	0	0.0045638
0.101772	0.101772	0.74002	0.25998	0	0.00457015
0.10177	0.10177	0.739554	0.260446	0	0.0045765
0.101769	0.101769	0.739088	0.260912	0	0.00458284
0.101769	0.101769	0.738621	0.261379	0	0.00458919
0.101768	0.101768	0.738155	0.261845	0	0.00459554
0.101767	0.101767	0.737689	0.262311	0	0.00460189
0.101766	0.101766	0.737222	0.262778	0	0.00460823
0.101765	0.101765	0.736756	0.263244	0	0.00461458
0.101764	0.101764	0.73629	0.26371	0	0.00462093
0.101764	0.101764	0.735823	0.264177	0	0.00462728
0.101763	0.101763	0.735357	0.264643	0	0.00463362
0.101762	0.101762	0.73489	0.26511	0	0.00463997
0.101761	0.101761	0.734424	0.265576	0	0.00464632
0.10176	0.10176	0.733958	0.266042	0	0.00465267
0.10176	0.10176	0.733491	0.266509	0	0.00465901
0.101759	0.101759	0.733025	0.266975	0	0.00466536
0.101758	0.101758	0.732559	0.267441	0	0.00467171
0.101757	0.101757	0.732092	0.267908	0	0.00467806
0.101776	0.101776	0.731575	0.268425	0	0.0046844
0.101795	0.101795	0.731057	0.268943	0	0.00469075
0.101815	0.101815	0.730538	0.269462	0	0.0046971
0.101834	0.101834	0.73002	0.26998	0	0.00470345
0.101853	0.101853	0.729501	0.270499	0	0.00470979
0.101873	0.101873	0.728983	0.271017	0	0.00471614
0.101892	0.101892	0.728464	0.271536	0	0.00472249
0.101912	0.101912	0.727946	0.272054	0	0.00472884
0.101931	0.101931	0.727428	0.272572	0	0.00473518
0.10195	0.10195	0.726909	0.273091	0	0.00474153
0.10197	0.10197	0.726391	0.273609	0	0.00474788
0.101989	0.101989	0.725872	0.274128	0	0.00475422
0.102009	0.102009	0.725354	0.274646	0	0.00476057
0.102028	0.102028	0.724835	0.275165	0	0.00476692
0.102047	0.102047	0.724317	0.275683	0	0.00477327
0.102067	0.102067	0.723798	0.276202	0	0.00477961
0.102084	0.102084	0.723288	0.276712	0	0.00478596
0.102083	0.102083	0.722849	0.277151	0	0.00479231
0.102081	0.102081	0.722409	0.277591	0	0.00479866
0.10208	0.10208	0.721969	0.278031	0	0.004805
0.102079	0.102079	0.721529	0.278471	0	0.00481135
0.102077	0.102077	0.721089	0.278911	0	0.0048177
0.102076	0.102076	0.720649	0.279351	0	0.00482405
0.102075	0.102075	0.72021	0.27979	0	0.00483039
0.102073	0.102073	0.71977	0.28023	0	0.00483674
0.102072	0.102072	0.71933	0.28067	0	0.00484309
0.102071	0.102071	0.71889	0.28111	0	0.00484944
0.102069	0.102069	0.71845	0.28155	0	0.00485578
0.102068	0.102068	0.71801	0.28199	0	0.00486213
0.102067	0.102067	0.717571	0.282429	0	0.00486848
0.102065	0.102065	0.717131	0.282869	0	0.00487483
0.102064	0.102064	0.716691	0.283309	0	0.00488117
0.102063	0.102063	0.716251	0.283749	0	0.00488752
0.102061	0.102061	0.715811	0.284189	0	0.00489387
0.10206	0.10206	0.715371	0.284629	0	0.00490022
0.10206	0.10206	0.714933	0.285067	0	0.00490656
0.102062	0.102062	0.714499	0.285501	0	0.00491291
0.102064	0.102064	0.714065	0.285935	0	0.00491926
0.102067	0.102067	0.713631	0.286369	0	0.00492561
0.102069	0.102069	0.713197	0.286803	0	0.00493195
0.102072	0.102072	0.712763	0.287237	0	0.0049383
0.102074	0.102074	0.712329	0.287671	0	0.00494465
0.102077	0.102077	0.711895	0.288105	0	0.004951
0.102079	0.102079	0.711461	0.288539	0	0.00495734
0.102081	0.102081	0.711027	0.288973	0	0.00496369
0.102084	0.102084	0.710593	0.289407	0	0.00497004
0.102086	0.102086	0.710159	0.289841	0	0.00497639
0.102089	0.102089	0.709725	0.290274	0	0.00498273
0.102091	0.102091	0.709292	0.290708	0	0.00498908
0.102094	0.102094	0.708858	0.291142	0	0.00499543
0.102096	0.102096	0.708424	0.291576	0	0.00500177
0.102099	0.102099	0.70799	0.29201	0	0.00500812
0.102101	0.102101	0.707556	0.292444	0	0.00501447
0.102103	0.102103	0.707122	0.292878	0	0.00502082
0.102103	0.102103	0.706705	0.293295	0	0.00502716
0.102097	0.102097	0.706319	0.293681	0	0.00503351
0.102091	0.102091	0.705933	0.294067	0	0.00503986
0.102085	0.102085	0.705547	0.294453	0	0.00504621
0.102078	0.102078	0.705161	0.294839	0	0.00505255
0.102072	0.102072	0.704775	0.295225	0	0.0050589
0.102066	0.102066	0.70439	0.29561	0	0.00506525
0.10206	0.10206	0.704004	0.295996	0	0.0050716
0.102054	0.102054	0.703618	0.296382	0	0.00507794
0.102048	0.102048	0.703232	0.296768	0	0.00508429
0.102042	0.102042	0.702846	0.297154	0	0.00509064
0.102036	0.102036	0.70246	0.29754	0	0.00509699
0.102029	0.102029	0.702074	0.297926	0	0.00510333
0.102023	0.102023	0.701688	0.298312	0	0.00510968
0.102017	0.102017	0.701303	0.298697	0	0.00511603
0.102011	0.102011	0.700917	0.299083	0	0.00512238
0.102005	0.102005	0.700531	0.299469	0	0.00512872
0.102009	0.102009	0.700118	0.299882	0	0.00513507
0.102033	0.102033	0.699651	0.300349	0	0.00514142
0.102057	0.102057	0.699185	0.300815	0	0.00514777
0.102081	0.102081	0.698719	0.301281	0	0.00515411
0.102104	0.102104	0.698253	0.301747	0	0.00516046
0.102128	0.102128	0.697786	0.302214	0	0.00516681
0.102152	0.102152	0.69732	0.30268	0	0.00517316
0.102176	0.102176	0.696854	0.303146	0	0.0051795
0.1022	0.1022	0.696388	0.303612	0	0.00518585
0.102223	0.102223	0.695921	0.304079	0	0.0051922
0.102247	0.102247	0.695455	0.304545	0	0.00519855
0.102271	0.102271	0.694989	0.305011	0	0.00520489
0.102295	0.102295	0.694523	0.305477	0	0.00521124
0.102319	0.102319	0.694056	0.305944	0	0.00521759
0.102343	0.102343	0.69359	0.30641	0	0.00522394
0.102366	0.102366	0.693124	0.306876	0	0.00523028
0.10239	0.10239	0.692658	0.307342	0	0.00523663
0.102412	0.102412	0.692204	0.307796	0	0.00524298
0.10243	0.10243	0.691775	0.308225	0	0.00524932
0.102448	0.102448	0.691346	0.308654	0	0.00525567
0.102466	0.102466	0.690917	0.309083	0	0.00526202
0.102484	0.102484	0.690488	0.309512	0	0.00526837
0.102502	0.102502	0.690059	0.309941	0	0.00527471
0.10252	0.10252	0.68963	0.31037	0	0.00528106
0.102538	0.102538	0.689201	0.310799	0	0.00528741
0.102555	0.102555	0.688772	0.311228	0	0.00529376
0.102573	0.102573	0.688343	0.311657	0	0.0053001
0.102591	0.102591	0.687914	0.312086	0	0.00530645
0.102609	0.102609	0.687485	0.312515	0	0.0053128
0.102627	0.102627	0.687056	0.312944	0	0.00531915
0.102645	0.102645	0.686627	0.313373	0	0.00532549
0.102663	0.102663	0.686198	0.313802	0	0.00533184
0.102681	0.102681	0.685769	0.314231	0	0.00533819
0.102699	0.102699	0.685341	0.31466	0	0.00534454
0.102707	0.102707	0.684955	0.315045	0	0.00535088
0.102693	0.102693	0.684661	0.315339	0	0.00535723
0.102679	0.102679	0.684366	0.315634	0	0.00536358
0.102666	0.102666	0.684072	0.315928	0	0.00536993
0.102652	0.102652	0.683777	0.316223	0	0.00537627
0.102638	0.102638	0.683482	0.316518	0	0.00538262
0.102625	0.102625	0.683188	0.316812	0	0.00538897
0.102611	0.102611	0.682893	0.317107	0	0.00539532
0.102597	0.102597	0.682599	0.317401	0	0.00540166
0.102584	0.102584	0.682304	0.317696	0	0.00540801
0.10257	0.10257	0.68201	0.31799	0	0.00541436
0.102557	0.102557	0.681715	0.318285	0	0.00542071
0.102543	0.102543	0.681421	0.318579	0	0.00542705
0.102529	0.102529	0.681126	0.318874	0	0.0054334
0.102516	0.102516	0.680831	0.319169	0	0.00543975
0.102502	0.102502	0.680537	0.319463	0	0.0054461
0.102488	0.102488	0.680242	0.319758	0	0.00545244
0.10249	0.10249	0.679902	0.320098	0	0.00545879
0.102523	0.102523	0.679464	0.320536	0	0.00546514
0.102556	0.102556	0.679027	0.320973	0	0.00547148
0.102589	0.102589	0.678589	0.321411	0	0.00547783
0.102622	0.102622	0.678151	0.321849	0	0.00548418
0.102656	0.102656	0.677713	0.322287	0	0.00549053
0.102689	0.102689	0.677275	0.322725	0	0.00549687
0.102722	0.102722	0.676837	0.323163	0	0.00550322
0.102755	0.102755	0.676399	0.323601	0	0.00550957
0.102788	0.102788	0.675961	0.324039	0	0.00551592
0.102822	0.102822	0.675523	0.324477	0	0.00552226
0.102855	0.102855	0.675085	0.324915	0	0.00552861
0.102888	0.102888	0.674648	0.325352	0	0.00553496
0.102921	0.102921	0.67421	0.32579	0	0.00554131
0.102955	0.102955	0.673772	0.326228	0	0.00554765
0.102988	0.102988	0.673334	0.326666	0	0.005554
0.103021	0.103021	0.672896	0.327104	0	0.00556035
0.103047	0.103047	0.672493	0.327507	0	0.0055667
0.103057	0.103057	0.67217	0.32783	0	0.00557304
0.103068	0.103068	0.671846	0.328154	0	0.00557939
0.103078	0.103078	0.671523	0.328477	0	0.00558574
0.103088	0.103088	0.6712	0.3288	0	0.00559209
0.103098	0.103098	0.670876	0.329124	0	0.00559843
0.103108	0.103108	0.670553	0.329447	0	0.00560478
0.103118	0.103118	0.670229	0.329771	0	0.00561113
0.103129	0.103129	0.669906	0.330094	0	0.00561748
0.103139	0.103139	0.669583	0.330417	0	0.00562382
0.103149	0.103149	0.669259	0.330741	0	0.00563017
0.103159	0.103159	0.668936	0.331064	0	0.00563652
0.103169	0.103169	0.668612	0.331388	0	0.00564287
0.10318	0.10318	0.668289	0.331711	0	0.00564921
0.10319	0.10319	0.667965	0.332035	0	0.00565556
0.1032	0.1032	0.667642	0.332358	0	0.00566191
0.10321	0.10321	0.667319	0.332681	0	0.00566826
0.10322	0.10322	0.666995	0.333005	0	0.0056746
0.103231	0.103231	0.666672	0.333328	0	0.00568095
0.103241	0.103241	0.666348	0.333652	0	0.0056873
0.103251	0.103251	0.666025	0.333975	0	0.00569364
0.103261	0.103261	0.665701	0.334299	0	0.00569999
0.103271	0.103271	0.665378	0.334622	0	0.00570634
0.103282	0.103282	0.665055	0.334945	0	0.00571269
0.103303	0.103303	0.664717	0.335283	0	0.00571903
0.103328	0.103328	0.664374	0.335626	0	0.00572538
0.103353	0.103353	0.664032	0.335968	0	0.00573173
0.103378	0.103378	0.663689	0.336311	0	0.00573808
0.103403	0.103403	0.663347	0.336653	0	0.00574442
0.103428	0.103428	0.663005	0.336995	0	0.00575077
0.103453	0.103453	0.662662	0.337338	0	0.00575712
0.103478	0.103478	0.66232	0.33768	0	0.00576347
0.103503	0.103503	0.661977	0.338023	0	0.00576981
0.103528	0.103528	0.661635	0.338365	0	0.00577616
0.103553	0.103553	0.661292	0.338708	0	0.00578251
0.103578	0.103578	0.66095	0.33905	0	0.00578886
0.103603	0.103603	0.660608	0.339392	0	0.0057952
0.103628	0.103628	0.660265	0.339735	0	0.00580155
0.103653	0.103653	0.659923	0.340077	0	0.0058079
0.103678	0.103678	0.65958	0.34042	0	0.00581425
0.103703	0.103703	0.659238	0.340762	0	0.00582059
0.103728	0.103728	0.658895	0.341105	0	0.00582694
0.103753	0.103753	0.658553	0.341447	0	0.00583329
0.103778	0.103778	0.65821	0.34179	0	0.00583964
0.103803	0.103803	0.657868	0.342132	0	0.00584598
0.103832	0.103832	0.657519	0.342481	0	0.00585233
0.10387	0.10387	0.657155	0.342845	0	0.00585868
0.103908	0.103908	0.65679	0.34321	0	0.00586503
0.103945	0.103945	0.656426	0.343574	0	0.00587137
0.103983	0.103983	0.656061	0.343939	0	0.00587772
0.104021	0.104021	0.655697	0.344303	0	0.00588407
0.104059	0.104059	0.655332	0.344668	0	0.00589042
0.104096	0.104096	0.654968	0.345032	0	0.00589676
0.104134	0.104134	0.654603	0.345397	0	0.00590311
0.104172	0.104172	0.654239	0.345761	0	0.00590946
0.10421	0.10421	0.653874	0.346126	0	0.0059158
0.104247	0.104247	0.653518	0.346482	0	0.00592215
0.104285	0.104285	0.653168	0.346832	0	0.0059285
0.104323	0.104323	0.652819	0.347181	0	0.00593485
0.10436	0.10436	0.652469	0.347531	0	0.00594119
0.104398	0.104398	0.652119	0.347881	0	0.00594754
0.104436	0.104436	0.65177	0.34823	0	0.00595389
0.104473	0.104473	0.65142	0.34858	0	0.00596024
0.104511	0.104511	0.65107	0.34893	0	0.00596658
0.104549	0.104549	0.65072	0.34928	0	0.00597293
0.104586	0.104586	0.650371	0.349629	0	0.00597928
0.104624	0.104624	0.650021	0.349979	0	0.00598563
0.104627	0.104627	0.649819	0.350181	0	0.00599197
0.104622	0.104622	0.649645	0.350355	0	0.00599832
0.104618	0.104618	0.649472	0.350528	0	0.00600467
0.104614	0.104614	0.649298	0.350702	0	0.00601102
0.10461	0.10461	0.649125	0.350875	0	0.00601736
0.104606	0.104606	0.648951	0.351049	0	0.00602371
0.104601	0.104601	0.648778	0.351222	0	0.00603006
0.104597	0.104597	0.648605	0.351395	0	0.00603641
0.104593	0.104593	0.648431	0.351569	0	0.00604275
0.104589	0.104589	0.648258	0.351742	0	0.0060491
0.104585	0.104585	0.648084	0.351916	0	0.00605545
0.104581	0.104581	0.647911	0.352089	0	0.0060618
0.10455	0.104585	0.647509	0.35216	0	0.00606814
0.104504	0.104594	0.646967	0.352169	0	0.00607449
0.104457	0.104603	0.646425	0.352177	0	0.00608084
0.10441	0.104613	0.645884	0.352185	0	0.00608719
0.104364	0.104622	0.645342	0.352194	0	0.00609353
0.104317	0.104631	0.644801	0.352202	0	0.00609988
0.104271	0.104641	0.644259	0.35221	0	0.00610623
0.104224	0.10465	0.643717	0.352219	0	0.00611258
0.104178	0.104659	0.643176	0.352227	0	0.00611892
0.104131	0.104669	0.642634	0.352235	0	0.00612527
0.104085	0.104678	0.642093	0.352244	0	0.00613162
0.104038	0.104687	0.641551	0.352252	0	0.00613796
0.103992	0.104697	0.64101	0.35226	0	0.00614431
0.103945	0.104706	0.640468	0.352269	0	0.00615066
0.103899	0.104715	0.639926	0.352277	0	0.00615701
0.103852	0.104725	0.639385	0.352285	0	0.00616335
0.103805	0.104734	0.638843	0.352294	0	0.0061697
0.103759	0.104743	0.638302	0.352302	0	0.00617605
0.10289	0.104742	0.63278	0.349504	0	0.0061824
0.100076	0.104715	0.615485	0.340071	0	0.00618874
0.097263	0.104687	0.598191	0.330638	0	0.00619509
0.0944496	0.10466	0.580896	0.321205	0	0.00620144
0.0916362	0.104633	0.563601	0.311771	0	0.00620779
0.0888228	0.104605	0.546307	0.302338	0	0.00621413
0.0860093	0.104578	0.529012	0.292905	0	0.00622048
0.0831959	0.10455	0.511718	0.283472	0	0.00622683
0.0803825	0.104523	0.494423	0.274039	0	0.00623318
0.0775691	0.104496	0.477128	0.264606	0	0.00623952
0.0747557	0.104468	0.459834	0.255173	0	0.00624587
0.0719422	0.104441	0.442539	0.24574	0	0.00625222
0.0691288	0.104414	0.425245	0.236307	0	0.00625857
0.0663154	0.104386	0.40795	0.226873	0	0.00626491
0.063502	0.104359	0.390655	0.21744	0	0.00627126
0.0606886	0.104332	0.373361	0.208007	0	0.00627761
0.0578752	0.104304	0.356066	0.198574	0	0.00628396
0.0550617	0.104277	0.338771	0.189141	0	0.0062903
0.0522483	0.10425	0.321477	0.179708	0	0.00629665